0 -2   2.13243
0 -1.89796   2.08609
0 -1.79592   2.03857
0 -1.69388   1.98738
0 -1.59184   1.93014
0 -1.4898   1.86476
0 -1.38776   1.78955
0 -1.28571   1.70336
0 -1.18367   1.60566
0 -1.08163   1.4966
0 -0.979592   1.37699
0 -0.877551   1.24836
0 -0.77551   1.11277
0 -0.673469   0.972826
0 -0.571429   0.831465
0 -0.469388   0.691845
0 -0.367347   0.557172
0 -0.265306   0.430543
0 -0.163265   0.314799
0 -0.0612245   0.2124
0 0.0408163   0.12533
0 0.142857   0.0550395
0 0.244898   0.00241856
0 0.346939   -0.0321874
0 0.44898   -0.0489323
0 0.55102   -0.0483959
0 0.653061   -0.0314911
0 0.755102   0.000639391
0 0.857143   0.0467289
0 0.959184   0.105485
0 1.06122   0.175677
0 1.16327   0.2562
0 1.26531   0.346116
0 1.36735   0.444681
0 1.46939   0.551335
0 1.57143   0.665681
0 1.67347   0.787444
0 1.77551   0.916425
0 1.87755   1.05244
0 1.97959   1.19527
0 2.08163   1.3446
0 2.18367   1.50002
0 2.28571   1.66092
0 2.38776   1.82656
0 2.4898   1.99602
0 2.59184   2.16824
0 2.69388   2.34201
0 2.79592   2.51606
0 2.89796   2.68905
0 3   2.85963

0.142857 -2   1.99351
0.142857 -1.89796   1.95056
0.142857 -1.79592   1.9087
0.142857 -1.69388   1.8655
0.142857 -1.59184   1.81867
0.142857 -1.4898   1.7661
0.142857 -1.38776   1.70607
0.142857 -1.28571   1.63731
0.142857 -1.18367   1.55912
0.142857 -1.08163   1.4714
0.142857 -0.979592   1.37468
0.142857 -0.877551   1.27012
0.142857 -0.77551   1.15941
0.142857 -0.673469   1.04469
0.142857 -0.571429   0.928456
0.142857 -0.469388   0.813386
0.142857 -0.367347   0.702214
0.142857 -0.265306   0.597578
0.142857 -0.163265   0.501892
0.142857 -0.0612245   0.417233
0.142857 0.0408163   0.345261
0.142857 0.142857   0.287169
0.142857 0.244898   0.243665
0.142857 0.346939   0.214998
0.142857 0.44898   0.200999
0.142857 0.55102   0.201158
0.142857 0.653061   0.214713
0.142857 0.755102   0.24074
0.142857 0.857143   0.278258
0.142857 0.959184   0.326308
0.142857 1.06122   0.384027
0.142857 1.16327   0.4507
0.142857 1.26531   0.52579
0.142857 1.36735   0.608939
0.142857 1.46939   0.699958
0.142857 1.57143   0.798788
0.142857 1.67347   0.905451
0.142857 1.77551   1.02
0.142857 1.87755   1.14245
0.142857 1.97959   1.27272
0.142857 2.08163   1.41062
0.142857 2.18367   1.55576
0.142857 2.28571   1.70757
0.142857 2.38776   1.86525
0.142857 2.4898   2.02785
0.142857 2.59184   2.19422
0.142857 2.69388   2.36306
0.142857 2.79592   2.53299
0.142857 2.89796   2.70257
0.142857 3   2.87036

0.285714 -2   1.9201
0.285714 -1.89796   1.88177
0.285714 -1.79592   1.84673
0.285714 -1.69388   1.81275
0.285714 -1.59184   1.77762
0.285714 -1.4898   1.7393
0.285714 -1.38776   1.69603
0.285714 -1.28571   1.64647
0.285714 -1.18367   1.58975
0.285714 -1.08163   1.52553
0.285714 -0.979592   1.45406
0.285714 -0.877551   1.37609
0.285714 -0.77551   1.29287
0.285714 -0.673469   1.20607
0.285714 -0.571429   1.11765
0.285714 -0.469388   1.02976
0.285714 -0.367347   0.944569
0.285714 -0.265306   0.864208
0.285714 -0.163265   0.790594
0.285714 -0.0612245   0.725367
0.285714 0.0408163   0.669817
0.285714 0.142857   0.624844
0.285714 0.244898   0.590959
0.285714 0.346939   0.568303
0.285714 0.44898   0.556701
0.285714 0.55102   0.55573
0.285714 0.653061   0.564803
0.285714 0.755102   0.583254
0.285714 0.857143   0.610424
0.285714 0.959184   0.645728
0.285714 1.06122   0.688715
0.285714 1.16327   0.739101
0.285714 1.26531   0.796781
0.285714 1.36735   0.861819
0.285714 1.46939   0.934419
0.285714 1.57143   1.01488
0.285714 1.67347   1.10353
0.285714 1.77551   1.20069
0.285714 1.87755   1.30657
0.285714 1.97959   1.42125
0.285714 2.08163   1.54463
0.285714 2.18367   1.67638
0.285714 2.28571   1.81593
0.285714 2.38776   1.96247
0.285714 2.4898   2.11499
0.285714 2.59184   2.27226
0.285714 2.69388   2.43292
0.285714 2.79592   2.59549
0.285714 2.89796   2.75844
0.285714 3   2.92026

0.428571 -2   1.92031
0.428571 -1.89796   1.88742
0.428571 -1.79592   1.85989
0.428571 -1.69388   1.83569
0.428571 -1.59184   1.81277
0.428571 -1.4898   1.78919
0.428571 -1.38776   1.76324
0.428571 -1.28571   1.73351
0.428571 -1.18367   1.69901
0.428571 -1.08163   1.65917
0.428571 -0.979592   1.61393
0.428571 -0.877551   1.56367
0.428571 -0.77551   1.50917
0.428571 -0.673469   1.45159
0.428571 -0.571429   1.39233
0.428571 -0.469388   1.33295
0.428571 -0.367347   1.27503
0.428571 -0.265306   1.22014
0.428571 -0.163265   1.16965
0.428571 -0.0612245   1.12473
0.428571 0.0408163   1.08626
0.428571 0.142857   1.05483
0.428571 0.244898   1.03074
0.428571 0.346939   1.01402
0.428571 0.44898   1.00448
0.428571 0.55102   1.00181
0.428571 0.653061   1.0056
0.428571 0.755102   1.01548
0.428571 0.857143   1.03113
0.428571 0.959184   1.05235
0.428571 1.06122   1.07914
0.428571 1.16327   1.11166
0.428571 1.26531   1.15025
0.428571 1.36735   1.1954
0.428571 1.46939   1.24773
0.428571 1.57143   1.30788
0.428571 1.67347   1.3765
0.428571 1.77551   1.45415
0.428571 1.87755   1.54126
0.428571 1.97959   1.63804
0.428571 2.08163   1.74448
0.428571 2.18367   1.86031
0.428571 2.28571   1.98496
0.428571 2.38776   2.11761
0.428571 2.4898   2.2572
0.428571 2.59184   2.40245
0.428571 2.69388   2.55192
0.428571 2.79592   2.70408
0.428571 2.89796   2.85734
0.428571 3   3.0101

0.571429 -2   1.99851
0.571429 -1.89796   1.97137
0.571429 -1.79592   1.95139
0.571429 -1.69388   1.93677
0.571429 -1.59184   1.92569
0.571429 -1.4898   1.91634
0.571429 -1.38776   1.90711
0.571429 -1.28571   1.89658
0.571429 -1.18367   1.88367
0.571429 -1.08163   1.86764
0.571429 -0.979592   1.84814
0.571429 -0.877551   1.82517
0.571429 -0.77551   1.79908
0.571429 -0.673469   1.7705
0.571429 -0.571429   1.74025
0.571429 -0.469388   1.70931
0.571429 -0.367347   1.67865
0.571429 -0.265306   1.64922
0.571429 -0.163265   1.62187
0.571429 -0.0612245   1.59725
0.571429 0.0408163   1.57583
0.571429 0.142857   1.55787
0.571429 0.244898   1.54344
0.571429 0.346939   1.53247
0.571429 0.44898   1.52476
0.571429 0.55102   1.52009
0.571429 0.653061   1.51827
0.571429 0.755102   1.51919
0.571429 0.857143   1.52289
0.571429 0.959184   1.52958
0.571429 1.06122   1.53968
0.571429 1.16327   1.55379
0.571429 1.26531   1.57271
0.571429 1.36735   1.59733
0.571429 1.46939   1.62866
0.571429 1.57143   1.66768
0.571429 1.67347   1.71533
0.571429 1.77551   1.77241
0.571429 1.87755   1.83951
0.571429 1.97959   1.917
0.571429 2.08163   2.00493
0.571429 2.18367   2.10307
0.571429 2.28571   2.21088
0.571429 2.38776   2.32751
0.571429 2.4898   2.45186
0.571429 2.59184   2.58263
0.571429 2.69388   2.71833
0.571429 2.79592   2.85738
0.571429 2.89796   2.99816
0.571429 3   3.13903

0.714286 -2   2.15471
0.714286 -1.89796   2.13309
0.714286 -1.79592   2.12
0.714286 -1.69388   2.11396
0.714286 -1.59184   2.11339
0.714286 -1.4898   2.11671
0.714286 -1.38776   2.12242
0.714286 -1.28571   2.12919
0.714286 -1.18367   2.13587
0.714286 -1.08163   2.14162
0.714286 -0.979592   2.14583
0.714286 -0.877551   2.14818
0.714286 -0.77551   2.14861
0.714286 -0.673469   2.14725
0.714286 -0.571429   2.14438
0.714286 -0.469388   2.14036
0.714286 -0.367347   2.1356
0.714286 -0.265306   2.13045
0.714286 -0.163265   2.1252
0.714286 -0.0612245   2.12
0.714286 0.0408163   2.11492
0.714286 0.142857   2.10987
0.714286 0.244898   2.10471
0.714286 0.346939   2.09924
0.714286 0.44898   2.09326
0.714286 0.55102   2.08666
0.714286 0.653061   2.07942
0.714286 0.755102   2.0717
0.714286 0.857143   2.06389
0.714286 0.959184   2.05657
0.714286 1.06122   2.05057
0.714286 1.16327   2.04692
0.714286 1.26531   2.04679
0.714286 1.36735   2.05149
0.714286 1.46939   2.06235
0.714286 1.57143   2.08066
0.714286 1.67347   2.10762
0.714286 1.77551   2.14422
0.714286 1.87755   2.19121
0.714286 1.97959   2.24906
0.714286 2.08163   2.31788
0.714286 2.18367   2.39748
0.714286 2.28571   2.48732
0.714286 2.38776   2.58655
0.714286 2.4898   2.69405
0.714286 2.59184   2.80849
0.714286 2.69388   2.92837
0.714286 2.79592   3.05208
0.714286 2.89796   3.17802
0.714286 3   3.30455

0.857143 -2   2.38434
0.857143 -1.89796   2.36742
0.857143 -1.79592   2.35991
0.857143 -1.69388   2.36066
0.857143 -1.59184   2.36841
0.857143 -1.4898   2.38183
0.857143 -1.38776   2.39962
0.857143 -1.28571   2.42057
0.857143 -1.18367   2.44357
0.857143 -1.08163   2.46769
0.857143 -0.979592   2.49218
0.857143 -0.877551   2.51643
0.857143 -0.77551   2.54002
0.857143 -0.673469   2.56264
0.857143 -0.571429   2.58408
0.857143 -0.469388   2.60414
0.857143 -0.367347   2.62268
0.857143 -0.265306   2.63948
0.857143 -0.163265   2.65431
0.857143 -0.0612245   2.66685
0.857143 0.0408163   2.67676
0.857143 0.142857   2.68364
0.857143 0.244898   2.68712
0.857143 0.346939   2.68689
0.857143 0.44898   2.68275
0.857143 0.55102   2.67464
0.857143 0.653061   2.66274
0.857143 0.755102   2.64745
0.857143 0.857143   2.62944
0.857143 0.959184   2.60965
0.857143 1.06122   2.58926
0.857143 1.16327   2.56965
0.857143 1.26531   2.55236
0.857143 1.36735   2.53901
0.857143 1.46939   2.53122
0.857143 1.57143   2.53054
0.857143 1.67347   2.53834
0.857143 1.77551   2.55578
0.857143 1.87755   2.58371
0.857143 1.97959   2.62267
0.857143 2.08163   2.67284
0.857143 2.18367   2.73401
0.857143 2.28571   2.80567
0.857143 2.38776   2.88695
0.857143 2.4898   2.97674
0.857143 2.59184   3.07369
0.857143 2.69388   3.17634
0.857143 2.79592   3.28309
0.857143 2.89796   3.39236
0.857143 3   3.50258

1 -2   2.67839
1 -1.89796   2.6648
1 -1.79592   2.66096
1 -1.69388   2.66606
1 -1.59184   2.67918
1 -1.4898   2.6993
1 -1.38776   2.7254
1 -1.28571   2.75643
1 -1.18367   2.79139
1 -1.08163   2.82936
1 -0.979592   2.86949
1 -0.877551   2.91099
1 -0.77551   2.95314
1 -0.673469   2.99527
1 -0.571429   3.03674
1 -0.469388   3.07688
1 -0.367347   3.11503
1 -0.265306   3.15049
1 -0.163265   3.18254
1 -0.0612245   3.21043
1 0.0408163   3.23344
1 0.142857   3.2509
1 0.244898   3.26223
1 0.346939   3.267
1 0.44898   3.26497
1 0.55102   3.25618
1 0.653061   3.24092
1 0.755102   3.21981
1 0.857143   3.19375
1 0.959184   3.16397
1 1.06122   3.13193
1 1.16327   3.09931
1 1.26531   3.06792
1 1.36735   3.03961
1 1.46939   3.01621
1 1.57143   2.99944
1 1.67347   2.99082
1 1.77551   2.99157
1 1.87755   3.00263
1 1.97959   3.02455
1 2.08163   3.05753
1 2.18367   3.10136
1 2.28571   3.15553
1 2.38776   3.21917
1 2.4898   3.29119
1 2.59184   3.37027
1 2.69388   3.45498
1 2.79592   3.54378
1 2.89796   3.63517
1 3   3.72768

1.14286 -2   3.02386
1.14286 -1.89796   3.01183
1.14286 -1.79592   3.00927
1.14286 -1.69388   3.01578
1.14286 -1.59184   3.03081
1.14286 -1.4898   3.05368
1.14286 -1.38776   3.08367
1.14286 -1.28571   3.11999
1.14286 -1.18367   3.16182
1.14286 -1.08163   3.20832
1.14286 -0.979592   3.2586
1.14286 -0.877551   3.31181
1.14286 -0.77551   3.36701
1.14286 -0.673469   3.42326
1.14286 -0.571429   3.47958
1.14286 -0.469388   3.53491
1.14286 -0.367347   3.58817
1.14286 -0.265306   3.63825
1.14286 -0.163265   3.684
1.14286 -0.0612245   3.72431
1.14286 0.0408163   3.75815
1.14286 0.142857   3.78456
1.14286 0.244898   3.8028
1.14286 0.346939   3.81234
1.14286 0.44898   3.8129
1.14286 0.55102   3.80455
1.14286 0.653061   3.7877
1.14286 0.755102   3.7631
1.14286 0.857143   3.73185
1.14286 0.959184   3.69537
1.14286 1.06122   3.65531
1.14286 1.16327   3.61357
1.14286 1.26531   3.57211
1.14286 1.36735   3.53296
1.14286 1.46939   3.49804
1.14286 1.57143   3.46916
1.14286 1.67347   3.44788
1.14286 1.77551   3.43546
1.14286 1.87755   3.43282
1.14286 1.97959   3.4405
1.14286 2.08163   3.45869
1.14286 2.18367   3.48717
1.14286 2.28571   3.52539
1.14286 2.38776   3.57253
1.14286 2.4898   3.6275
1.14286 2.59184   3.68905
1.14286 2.69388   3.7558
1.14286 2.79592   3.82635
1.14286 2.89796   3.89929
1.14286 3   3.97327

1.28571 -2   3.40463
1.28571 -1.89796   3.39209
1.28571 -1.79592   3.38822
1.28571 -1.69388   3.39297
1.28571 -1.59184   3.40618
1.28571 -1.4898   3.42758
1.28571 -1.38776   3.45679
1.28571 -1.28571   3.49331
1.28571 -1.18367   3.53657
1.28571 -1.08163   3.58587
1.28571 -0.979592   3.64042
1.28571 -0.877551   3.69932
1.28571 -0.77551   3.76157
1.28571 -0.673469   3.82605
1.28571 -0.571429   3.89151
1.28571 -0.469388   3.95663
1.28571 -0.367347   4.02001
1.28571 -0.265306   4.08019
1.28571 -0.163265   4.13572
1.28571 -0.0612245   4.18518
1.28571 0.0408163   4.22727
1.28571 0.142857   4.26084
1.28571 0.244898   4.28498
1.28571 0.346939   4.29907
1.28571 0.44898   4.30281
1.28571 0.55102   4.29626
1.28571 0.653061   4.2799
1.28571 0.755102   4.25457
1.28571 0.857143   4.22148
1.28571 0.959184   4.18215
1.28571 1.06122   4.13836
1.28571 1.16327   4.09207
1.28571 1.26531   4.04533
1.28571 1.36735   4.0002
1.28571 1.46939   3.95863
1.28571 1.57143   3.9224
1.28571 1.67347   3.89303
1.28571 1.77551   3.87173
1.28571 1.87755   3.85935
1.28571 1.97959   3.85638
1.28571 2.08163   3.86294
1.28571 2.18367   3.87877
1.28571 2.28571   3.90333
1.28571 2.38776   3.9358
1.28571 2.4898   3.97513
1.28571 2.59184   4.02016
1.28571 2.69388   4.06962
1.28571 2.79592   4.12224
1.28571 2.89796   4.17677
1.28571 3   4.23204

1.42857 -2   3.80253
1.42857 -1.89796   3.78737
1.42857 -1.79592   3.77954
1.42857 -1.69388   3.7794
1.42857 -1.59184   3.78719
1.42857 -1.4898   3.80301
1.42857 -1.38776   3.82688
1.42857 -1.28571   3.85863
1.42857 -1.18367   3.89797
1.42857 -1.08163   3.94445
1.42857 -0.979592   3.99741
1.42857 -0.877551   4.05603
1.42857 -0.77551   4.11931
1.42857 -0.673469   4.18604
1.42857 -0.571429   4.25485
1.42857 -0.469388   4.32425
1.42857 -0.367347   4.3926
1.42857 -0.265306   4.45824
1.42857 -0.163265   4.51947
1.42857 -0.0612245   4.57466
1.42857 0.0408163   4.62233
1.42857 0.142857   4.66117
1.42857 0.244898   4.69016
1.42857 0.346939   4.70859
1.42857 0.44898   4.71613
1.42857 0.55102   4.71285
1.42857 0.653061   4.69922
1.42857 0.755102   4.67611
1.42857 0.857143   4.64477
1.42857 0.959184   4.60674
1.42857 1.06122   4.56381
1.42857 1.16327   4.51793
1.42857 1.26531   4.47109
1.42857 1.36735   4.42529
1.42857 1.46939   4.38237
1.42857 1.57143   4.34401
1.42857 1.67347   4.31159
1.42857 1.77551   4.28619
1.42857 1.87755   4.26854
1.42857 1.97959   4.259
1.42857 2.08163   4.25761
1.42857 2.18367   4.26405
1.42857 2.28571   4.27776
1.42857 2.38776   4.29793
1.42857 2.4898   4.32359
1.42857 2.59184   4.35366
1.42857 2.69388   4.38704
1.42857 2.79592   4.42261
1.42857 2.89796   4.45933
1.42857 3   4.49625

1.57143 -2   4.19864
1.57143 -1.89796   4.17886
1.57143 -1.79592   4.16471
1.57143 -1.69388   4.1569
1.57143 -1.59184   4.15605
1.57143 -1.4898   4.16267
1.57143 -1.38776   4.17715
1.57143 -1.28571   4.19971
1.57143 -1.18367   4.23037
1.57143 -1.08163   4.26894
1.57143 -0.979592   4.315
1.57143 -0.877551   4.36785
1.57143 -0.77551   4.42658
1.57143 -0.673469   4.49
1.57143 -0.571429   4.55672
1.57143 -0.469388   4.62516
1.57143 -0.367347   4.69358
1.57143 -0.265306   4.7602
1.57143 -0.163265   4.82318
1.57143 -0.0612245   4.88078
1.57143 0.0408163   4.93139
1.57143 0.142857   4.97363
1.57143 0.244898   5.0064
1.57143 0.346939   5.02893
1.57143 0.44898   5.04087
1.57143 0.55102   5.04225
1.57143 0.653061   5.03354
1.57143 0.755102   5.01557
1.57143 0.857143   4.98955
1.57143 0.959184   4.95695
1.57143 1.06122   4.91947
1.57143 1.16327   4.87894
1.57143 1.26531   4.8372
1.57143 1.36735   4.79607
1.57143 1.46939   4.75718
1.57143 1.57143   4.722
1.57143 1.67347   4.69169
1.57143 1.77551   4.66712
1.57143 1.87755   4.64882
1.57143 1.97959   4.63701
1.57143 2.08163   4.63157
1.57143 2.18367   4.63214
1.57143 2.28571   4.6381
1.57143 2.38776   4.64867
1.57143 2.4898   4.66298
1.57143 2.59184   4.68006
1.57143 2.69388   4.69897
1.57143 2.79592   4.71882
1.57143 2.89796   4.73879
1.57143 3   4.75818

1.71429 -2   4.57459
1.71429 -1.89796   4.54855
1.71429 -1.79592   4.52619
1.71429 -1.69388   4.50853
1.71429 -1.59184   4.49656
1.71429 -1.4898   4.49117
1.71429 -1.38776   4.49313
1.71429 -1.28571   4.50301
1.71429 -1.18367   4.52119
1.71429 -1.08163   4.54776
1.71429 -0.979592   4.58256
1.71429 -0.877551   4.62509
1.71429 -0.77551   4.67459
1.71429 -0.673469   4.72998
1.71429 -0.571429   4.78991
1.71429 -0.469388   4.85282
1.71429 -0.367347   4.91699
1.71429 -0.265306   4.98059
1.71429 -0.163265   5.04176
1.71429 -0.0612245   5.09873
1.71429 0.0408163   5.14986
1.71429 0.142857   5.19372
1.71429 0.244898   5.22922
1.71429 0.346939   5.25556
1.71429 0.44898   5.27236
1.71429 0.55102   5.27963
1.71429 0.653061   5.27778
1.71429 0.755102   5.26759
1.71429 0.857143   5.25013
1.71429 0.959184   5.22675
1.71429 1.06122   5.19896
1.71429 1.16327   5.16836
1.71429 1.26531   5.13657
1.71429 1.36735   5.10509
1.71429 1.46939   5.07528
1.71429 1.57143   5.04828
1.71429 1.67347   5.02497
1.71429 1.77551   5.00593
1.71429 1.87755   4.99144
1.71429 1.97959   4.98151
1.71429 2.08163   4.97586
1.71429 2.18367   4.97403
1.71429 2.28571   4.97538
1.71429 2.38776   4.97916
1.71429 2.4898   4.98457
1.71429 2.59184   4.9908
1.71429 2.69388   4.99711
1.71429 2.79592   5.00284
1.71429 2.89796   5.00744
1.71429 3   5.0105

1.85714 -2   4.91381
1.85714 -1.89796   4.88042
1.85714 -1.79592   4.84865
1.85714 -1.69388   4.81981
1.85714 -1.59184   4.79521
1.85714 -1.4898   4.77608
1.85714 -1.38776   4.76355
1.85714 -1.28571   4.75854
1.85714 -1.18367   4.76173
1.85714 -1.08163   4.77354
1.85714 -0.979592   4.79405
1.85714 -0.877551   4.82303
1.85714 -0.77551   4.85987
1.85714 -0.673469   4.90367
1.85714 -0.571429   4.95322
1.85714 -0.469388   5.00705
1.85714 -0.367347   5.06351
1.85714 -0.265306   5.12084
1.85714 -0.163265   5.17726
1.85714 -0.0612245   5.23102
1.85714 0.0408163   5.28055
1.85714 0.142857   5.32447
1.85714 0.244898   5.36169
1.85714 0.346939   5.39147
1.85714 0.44898   5.4134
1.85714 0.55102   5.42748
1.85714 0.653061   5.43404
1.85714 0.755102   5.43374
1.85714 0.857143   5.42752
1.85714 0.959184   5.41651
1.85714 1.06122   5.40198
1.85714 1.16327   5.38521
1.85714 1.26531   5.36748
1.85714 1.36735   5.34994
1.85714 1.46939   5.33356
1.85714 1.57143   5.31909
1.85714 1.67347   5.30704
1.85714 1.77551   5.29765
1.85714 1.87755   5.29089
1.85714 1.97959   5.28653
1.85714 2.08163   5.28413
1.85714 2.18367   5.28308
1.85714 2.28571   5.28272
1.85714 2.38776   5.28233
1.85714 2.4898   5.28121
1.85714 2.59184   5.27873
1.85714 2.69388   5.27435
1.85714 2.79592   5.26768
1.85714 2.89796   5.25846
1.85714 3   5.24659

2 -2   5.20266
2 -1.89796   5.16148
2 -1.79592   5.11993
2 -1.69388   5.07956
2 -1.59184   5.04195
2 -1.4898   5.00863
2 -1.38776   4.98102
2 -1.28571   4.96034
2 -1.18367   4.94757
2 -1.08163   4.9434
2 -0.979592   4.94818
2 -0.877551   4.9619
2 -0.77551   4.98418
2 -0.673469   5.0143
2 -0.571429   5.05121
2 -0.469388   5.09361
2 -0.367347   5.14001
2 -0.265306   5.18879
2 -0.163265   5.23828
2 -0.0612245   5.2869
2 0.0408163   5.33316
2 0.142857   5.37582
2 0.244898   5.41386
2 0.346939   5.44661
2 0.44898   5.47369
2 0.55102   5.49508
2 0.653061   5.51104
2 0.755102   5.52212
2 0.857143   5.52904
2 0.959184   5.53271
2 1.06122   5.53406
2 1.16327   5.53403
2 1.26531   5.53349
2 1.36735   5.53315
2 1.46939   5.53354
2 1.57143   5.53496
2 1.67347   5.53749
2 1.77551   5.54098
2 1.87755   5.54507
2 1.97959   5.54924
2 2.08163   5.55284
2 2.18367   5.55518
2 2.28571   5.55552
2 2.38776   5.55319
2 2.4898   5.54761
2 2.59184   5.53832
2 2.69388   5.52503
2 2.79592   5.50762
2 2.89796   5.48614
2 3   5.46082

2.14286 -2   5.43123
2.14286 -1.89796   5.38254
2.14286 -1.79592   5.33173
2.14286 -1.69388   5.28053
2.14286 -1.59184   5.23073
2.14286 -1.4898   5.18408
2.14286 -1.38776   5.14223
2.14286 -1.28571   5.10665
2.14286 -1.18367   5.07855
2.14286 -1.08163   5.05885
2.14286 -0.979592   5.04811
2.14286 -0.877551   5.04655
2.14286 -0.77551   5.05397
2.14286 -0.673469   5.06986
2.14286 -0.571429   5.09337
2.14286 -0.469388   5.12339
2.14286 -0.367347   5.15861
2.14286 -0.265306   5.1976
2.14286 -0.163265   5.23892
2.14286 -0.0612245   5.28115
2.14286 0.0408163   5.32301
2.14286 0.142857   5.3634
2.14286 0.244898   5.40148
2.14286 0.346939   5.43666
2.14286 0.44898   5.46865
2.14286 0.55102   5.4974
2.14286 0.653061   5.52315
2.14286 0.755102   5.54629
2.14286 0.857143   5.56737
2.14286 0.959184   5.58698
2.14286 1.06122   5.60576
2.14286 1.16327   5.62421
2.14286 1.26531   5.64277
2.14286 1.36735   5.66166
2.14286 1.46939   5.68092
2.14286 1.57143   5.70037
2.14286 1.67347   5.71962
2.14286 1.77551   5.7381
2.14286 1.87755   5.75509
2.14286 1.97959   5.76976
2.14286 2.08163   5.78128
2.14286 2.18367   5.78879
2.14286 2.28571   5.79155
2.14286 2.38776   5.78892
2.14286 2.4898   5.78044
2.14286 2.59184   5.76586
2.14286 2.69388   5.74513
2.14286 2.79592   5.71841
2.14286 2.89796   5.6861
2.14286 3   5.64876

2.28571 -2   5.59387
2.28571 -1.89796   5.53868
2.28571 -1.79592   5.48
2.28571 -1.69388   5.41967
2.28571 -1.59184   5.35963
2.28571 -1.4898   5.30176
2.28571 -1.38776   5.24789
2.28571 -1.28571   5.19963
2.28571 -1.18367   5.15837
2.28571 -1.08163   5.12517
2.28571 -0.979592   5.10077
2.28571 -0.877551   5.08552
2.28571 -0.77551   5.07942
2.28571 -0.673469   5.08211
2.28571 -0.571429   5.09293
2.28571 -0.469388   5.11098
2.28571 -0.367347   5.13515
2.28571 -0.265306   5.16426
2.28571 -0.163265   5.19709
2.28571 -0.0612245   5.23246
2.28571 0.0408163   5.26933
2.28571 0.142857   5.30684
2.28571 0.244898   5.34431
2.28571 0.346939   5.38134
2.28571 0.44898   5.41771
2.28571 0.55102   5.45345
2.28571 0.653061   5.48872
2.28571 0.755102   5.52383
2.28571 0.857143   5.55911
2.28571 0.959184   5.59489
2.28571 1.06122   5.63143
2.28571 1.16327   5.66886
2.28571 1.26531   5.7071
2.28571 1.36735   5.7459
2.28571 1.46939   5.78479
2.28571 1.57143   5.82306
2.28571 1.67347   5.85985
2.28571 1.77551   5.89416
2.28571 1.87755   5.92488
2.28571 1.97959   5.95092
2.28571 2.08163   5.97119
2.28571 2.18367   5.98475
2.28571 2.28571   5.9908
2.28571 2.38776   5.98877
2.28571 2.4898   5.97833
2.28571 2.59184   5.95944
2.28571 2.69388   5.93229
2.28571 2.79592   5.89738
2.28571 2.89796   5.8554
2.28571 3   5.80727

2.42857 -2   5.68937
2.42857 -1.89796   5.62934
2.42857 -1.79592   5.56492
2.42857 -1.69388   5.49804
2.42857 -1.59184   5.43067
2.42857 -1.4898   5.3648
2.42857 -1.38776   5.3023
2.42857 -1.28571   5.24487
2.42857 -1.18367   5.19395
2.42857 -1.08163   5.15069
2.42857 -0.979592   5.1159
2.42857 -0.877551   5.09003
2.42857 -0.77551   5.07317
2.42857 -0.673469   5.06511
2.42857 -0.571429   5.06533
2.42857 -0.469388   5.07311
2.42857 -0.367347   5.08757
2.42857 -0.265306   5.10774
2.42857 -0.163265   5.13267
2.42857 -0.0612245   5.16146
2.42857 0.0408163   5.19334
2.42857 0.142857   5.22771
2.42857 0.244898   5.26413
2.42857 0.346939   5.30239
2.42857 0.44898   5.34243
2.42857 0.55102   5.38434
2.42857 0.653061   5.4283
2.42857 0.755102   5.4745
2.42857 0.857143   5.52312
2.42857 0.959184   5.57423
2.42857 1.06122   5.62773
2.42857 1.16327   5.68335
2.42857 1.26531   5.74056
2.42857 1.36735   5.79859
2.42857 1.46939   5.85646
2.42857 1.57143   5.91298
2.42857 1.67347   5.96679
2.42857 1.77551   6.01646
2.42857 1.87755   6.06053
2.42857 1.97959   6.09759
2.42857 2.08163   6.12639
2.42857 2.18367   6.14585
2.42857 2.28571   6.15517
2.42857 2.38776   6.15383
2.42857 2.4898   6.14166
2.42857 2.59184   6.11881
2.42857 2.69388   6.08578
2.42857 2.79592   6.04334
2.42857 2.89796   5.99253
2.42857 3   5.93459

2.57143 -2   5.72084
2.57143 -1.89796   5.65812
2.57143 -1.79592   5.59067
2.57143 -1.69388   5.52044
2.57143 -1.59184   5.44941
2.57143 -1.4898   5.37955
2.57143 -1.38776   5.3127
2.57143 -1.28571   5.25056
2.57143 -1.18367   5.19452
2.57143 -1.08163   5.14573
2.57143 -0.979592   5.10496
2.57143 -0.877551   5.07268
2.57143 -0.77551   5.04902
2.57143 -0.673469   5.03381
2.57143 -0.571429   5.02665
2.57143 -0.469388   5.02696
2.57143 -0.367347   5.03404
2.57143 -0.265306   5.04715
2.57143 -0.163265   5.0656
2.57143 -0.0612245   5.08876
2.57143 0.0408163   5.11617
2.57143 0.142857   5.1475
2.57143 0.244898   5.18262
2.57143 0.346939   5.22152
2.57143 0.44898   5.26435
2.57143 0.55102   5.3113
2.57143 0.653061   5.36258
2.57143 0.755102   5.41835
2.57143 0.857143   5.47864
2.57143 0.959184   5.54329
2.57143 1.06122   5.6119
2.57143 1.16327   5.68379
2.57143 1.26531   5.75803
2.57143 1.36735   5.83336
2.57143 1.46939   5.90831
2.57143 1.57143   5.9812
2.57143 1.67347   6.05023
2.57143 1.77551   6.11356
2.57143 1.87755   6.16939
2.57143 1.97959   6.21604
2.57143 2.08163   6.25207
2.57143 2.18367   6.27632
2.57143 2.28571   6.28798
2.57143 2.38776   6.28663
2.57143 2.4898   6.27225
2.57143 2.59184   6.24522
2.57143 2.69388   6.20629
2.57143 2.79592   6.15655
2.57143 2.89796   6.09737
2.57143 3   6.03031

2.71429 -2   5.69522
2.71429 -1.89796   5.63227
2.71429 -1.79592   5.56487
2.71429 -1.69388   5.4949
2.71429 -1.59184   5.42428
2.71429 -1.4898   5.35491
2.71429 -1.38776   5.28853
2.71429 -1.28571   5.22671
2.71429 -1.18367   5.17073
2.71429 -1.08163   5.1216
2.71429 -0.979592   5.08
2.71429 -0.877551   5.0463
2.71429 -0.77551   5.02057
2.71429 -0.673469   5.00264
2.71429 -0.571429   4.99214
2.71429 -0.469388   4.98856
2.71429 -0.367347   4.99136
2.71429 -0.265306   4.99999
2.71429 -0.163265   5.014
2.71429 -0.0612245   5.03304
2.71429 0.0408163   5.05694
2.71429 0.142857   5.08568
2.71429 0.244898   5.11943
2.71429 0.346939   5.15844
2.71429 0.44898   5.20307
2.71429 0.55102   5.25368
2.71429 0.653061   5.31055
2.71429 0.755102   5.37384
2.71429 0.857143   5.44348
2.71429 0.959184   5.51912
2.71429 1.06122   5.60011
2.71429 1.16327   5.68543
2.71429 1.26531   5.77374
2.71429 1.36735   5.86336
2.71429 1.46939   5.95239
2.71429 1.57143   6.03869
2.71429 1.67347   6.12006
2.71429 1.77551   6.19428
2.71429 1.87755   6.25925
2.71429 1.97959   6.31306
2.71429 2.08163   6.35411
2.71429 2.18367   6.38119
2.71429 2.28571   6.39351
2.71429 2.38776   6.39074
2.71429 2.4898   6.37304
2.71429 2.59184   6.34102
2.71429 2.69388   6.29571
2.71429 2.79592   6.2385
2.71429 2.89796   6.17105
2.71429 3   6.09527

2.85714 -2   5.62264
2.85714 -1.89796   5.56207
2.85714 -1.79592   5.49786
2.85714 -1.69388   5.43184
2.85714 -1.59184   5.36581
2.85714 -1.4898   5.30152
2.85714 -1.38776   5.24054
2.85714 -1.28571   5.18422
2.85714 -1.18367   5.13366
2.85714 -1.08163   5.08963
2.85714 -0.979592   5.05262
2.85714 -0.877551   5.0228
2.85714 -0.77551   5.00012
2.85714 -0.673469   4.98429
2.85714 -0.571429   4.97491
2.85714 -0.469388   4.97148
2.85714 -0.367347   4.97356
2.85714 -0.265306   4.98073
2.85714 -0.163265   4.99276
2.85714 -0.0612245   5.00955
2.85714 0.0408163   5.03121
2.85714 0.142857   5.05805
2.85714 0.244898   5.09052
2.85714 0.346939   5.12917
2.85714 0.44898   5.1746
2.85714 0.55102   5.22735
2.85714 0.653061   5.28783
2.85714 0.755102   5.35624
2.85714 0.857143   5.43245
2.85714 0.959184   5.516
2.85714 1.06122   5.60601
2.85714 1.16327   5.70119
2.85714 1.26531   5.79986
2.85714 1.36735   5.89999
2.85714 1.46939   5.99927
2.85714 1.57143   6.09519
2.85714 1.67347   6.18518
2.85714 1.77551   6.26672
2.85714 1.87755   6.33743
2.85714 1.97959   6.39522
2.85714 2.08163   6.4384
2.85714 2.18367   6.4657
2.85714 2.28571   6.47639
2.85714 2.38776   6.47027
2.85714 2.4898   6.44767
2.85714 2.59184   6.40944
2.85714 2.69388   6.35689
2.85714 2.79592   6.29169
2.85714 2.89796   6.21583
2.85714 3   6.13146

3 -2   5.5156
3 -1.89796   5.4599
3 -1.79592   5.4019
3 -1.69388   5.34331
3 -1.59184   5.28581
3 -1.4898   5.23093
3 -1.38776   5.18
3 -1.28571   5.13412
3 -1.18367   5.09408
3 -1.08163   5.06037
3 -0.979592   5.03318
3 -0.877551   5.01242
3 -0.77551   4.99781
3 -0.673469   4.98887
3 -0.571429   4.98508
3 -0.469388   4.9859
3 -0.367347   4.9909
3 -0.265306   4.99978
3 -0.163265   5.01243
3 -0.0612245   5.02901
3 0.0408163   5.04987
3 0.142857   5.07562
3 0.244898   5.10701
3 0.346939   5.14488
3 0.44898   5.1901
3 0.55102   5.24342
3 0.653061   5.30541
3 0.755102   5.37635
3 0.857143   5.45611
3 0.959184   5.54416
3 1.06122   5.63947
3 1.16327   5.74055
3 1.26531   5.84543
3 1.36735   5.95179
3 1.46939   6.057
3 1.57143   6.15824
3 1.67347   6.25263
3 1.77551   6.33741
3 1.87755   6.40999
3 1.97959   6.46816
3 2.08163   6.51014
3 2.18367   6.53468
3 2.28571   6.54112
3 2.38776   6.52941
3 2.4898   6.50007
3 2.59184   6.45418
3 2.69388   6.39333
3 2.79592   6.31946
3 2.89796   6.23483
3 3   6.1419

3.14286 -2   5.38797
3.14286 -1.89796   5.33936
3.14286 -1.79592   5.29021
3.14286 -1.69388   5.24211
3.14286 -1.59184   5.19654
3.14286 -1.4898   5.15482
3.14286 -1.38776   5.11799
3.14286 -1.28571   5.08682
3.14286 -1.18367   5.06177
3.14286 -1.08163   5.04296
3.14286 -0.979592   5.03022
3.14286 -0.877551   5.02312
3.14286 -0.77551   5.02107
3.14286 -0.673469   5.02336
3.14286 -0.571429   5.02925
3.14286 -0.469388   5.0381
3.14286 -0.367347   5.04943
3.14286 -0.265306   5.06296
3.14286 -0.163265   5.07873
3.14286 -0.0612245   5.09703
3.14286 0.0408163   5.11849
3.14286 0.142857   5.14395
3.14286 0.244898   5.17447
3.14286 0.346939   5.21117
3.14286 0.44898   5.25519
3.14286 0.55102   5.30752
3.14286 0.653061   5.36892
3.14286 0.755102   5.43976
3.14286 0.857143   5.52001
3.14286 0.959184   5.60908
3.14286 1.06122   5.70588
3.14286 1.16327   5.80875
3.14286 1.26531   5.91555
3.14286 1.36735   6.02372
3.14286 1.46939   6.13038
3.14286 1.57143   6.23247
3.14286 1.67347   6.32691
3.14286 1.77551   6.41072
3.14286 1.87755   6.48119
3.14286 1.97959   6.53601
3.14286 2.08163   6.5734
3.14286 2.18367   6.59213
3.14286 2.28571   6.59166
3.14286 2.38776   6.57208
3.14286 2.4898   6.53412
3.14286 2.59184   6.47912
3.14286 2.69388   6.40889
3.14286 2.79592   6.32565
3.14286 2.89796   6.23193
3.14286 3   6.1304

3.28571 -2   5.25404
3.28571 -1.89796   5.21436
3.28571 -1.79592   5.17617
3.28571 -1.69388   5.14095
3.28571 -1.59184   5.10999
3.28571 -1.4898   5.08434
3.28571 -1.38776   5.06475
3.28571 -1.28571   5.05164
3.28571 -1.18367   5.04506
3.28571 -1.08163   5.04474
3.28571 -0.979592   5.05011
3.28571 -0.877551   5.06034
3.28571 -0.77551   5.07447
3.28571 -0.673469   5.09148
3.28571 -0.571429   5.11038
3.28571 -0.469388   5.13036
3.28571 -0.367347   5.15082
3.28571 -0.265306   5.17149
3.28571 -0.163265   5.19243
3.28571 -0.0612245   5.2141
3.28571 0.0408163   5.2373
3.28571 0.142857   5.26311
3.28571 0.244898   5.29285
3.28571 0.346939   5.32795
3.28571 0.44898   5.36978
3.28571 0.55102   5.41961
3.28571 0.653061   5.47837
3.28571 0.755102   5.54662
3.28571 0.857143   5.62438
3.28571 0.959184   5.71114
3.28571 1.06122   5.80574
3.28571 1.16327   5.90646
3.28571 1.26531   6.01104
3.28571 1.36735   6.11677
3.28571 1.46939   6.22058
3.28571 1.57143   6.31927
3.28571 1.67347   6.40959
3.28571 1.77551   6.48845
3.28571 1.87755   6.55306
3.28571 1.97959   6.60107
3.28571 2.08163   6.6307
3.28571 2.18367   6.64085
3.28571 2.28571   6.63105
3.28571 2.38776   6.6016
3.28571 2.4898   6.55342
3.28571 2.59184   6.48806
3.28571 2.69388   6.40759
3.28571 2.79592   6.31448
3.28571 2.89796   6.21147
3.28571 3   6.10143

3.42857 -2   5.1276
3.42857 -1.89796   5.09819
3.42857 -1.79592   5.07245
3.42857 -1.69388   5.05175
3.42857 -1.59184   5.03718
3.42857 -1.4898   5.02953
3.42857 -1.38776   5.02924
3.42857 -1.28571   5.03637
3.42857 -1.18367   5.05055
3.42857 -1.08163   5.0711
3.42857 -0.979592   5.09699
3.42857 -0.877551   5.12699
3.42857 -0.77551   5.15973
3.42857 -0.673469   5.19383
3.42857 -0.571429   5.22803
3.42857 -0.469388   5.26126
3.42857 -0.367347   5.2928
3.42857 -0.265306   5.32229
3.42857 -0.163265   5.34982
3.42857 -0.0612245   5.37593
3.42857 0.0408163   5.40157
3.42857 0.142857   5.42805
3.42857 0.244898   5.4569
3.42857 0.346939   5.48982
3.42857 0.44898   5.52846
3.42857 0.55102   5.5743
3.42857 0.653061   5.62852
3.42857 0.755102   5.69183
3.42857 0.857143   5.76441
3.42857 0.959184   5.84579
3.42857 1.06122   5.93487
3.42857 1.16327   6.02989
3.42857 1.26531   6.12855
3.42857 1.36735   6.22803
3.42857 1.46939   6.3252
3.42857 1.57143   6.41674
3.42857 1.67347   6.49932
3.42857 1.77551   6.5698
3.42857 1.87755   6.62535
3.42857 1.97959   6.66364
3.42857 2.08163   6.68297
3.42857 2.18367   6.6823
3.42857 2.28571   6.66134
3.42857 2.38776   6.62052
3.42857 2.4898   6.561
3.42857 2.59184   6.48453
3.42857 2.69388   6.39338
3.42857 2.79592   6.29025
3.42857 2.89796   6.17805
3.42857 3   6.05984

3.57143 -2   5.02106
3.57143 -1.89796   5.00274
3.57143 -1.79592   4.99029
3.57143 -1.69388   4.98493
3.57143 -1.59184   4.9876
3.57143 -1.4898   4.99883
3.57143 -1.38776   5.01874
3.57143 -1.28571   5.04704
3.57143 -1.18367   5.08296
3.57143 -1.08163   5.12537
3.57143 -0.979592   5.17283
3.57143 -0.877551   5.22365
3.57143 -0.77551   5.27606
3.57143 -0.673469   5.3283
3.57143 -0.571429   5.37879
3.57143 -0.469388   5.42623
3.57143 -0.367347   5.46968
3.57143 -0.265306   5.50871
3.57143 -0.163265   5.54338
3.57143 -0.0612245   5.57428
3.57143 0.0408163   5.60247
3.57143 0.142857   5.62944
3.57143 0.244898   5.65695
3.57143 0.346939   5.68691
3.57143 0.44898   5.72124
3.57143 0.55102   5.76165
3.57143 0.653061   5.80955
3.57143 0.755102   5.86584
3.57143 0.857143   5.93086
3.57143 0.959184   6.00424
3.57143 1.06122   6.08497
3.57143 1.16327   6.17132
3.57143 1.26531   6.26097
3.57143 1.36735   6.35112
3.57143 1.46939   6.43858
3.57143 1.57143   6.52
3.57143 1.67347   6.59204
3.57143 1.77551   6.65153
3.57143 1.87755   6.69568
3.57143 1.97959   6.72222
3.57143 2.08163   6.72951
3.57143 2.18367   6.71664
3.57143 2.28571   6.68346
3.57143 2.38776   6.63058
3.57143 2.4898   6.55932
3.57143 2.59184   6.47162
3.57143 2.69388   6.36996
3.57143 2.79592   6.25718
3.57143 2.89796   6.13636
3.57143 3   6.01068

3.71429 -2   4.94473
3.71429 -1.89796   4.93783
3.71429 -1.79592   4.93886
3.71429 -1.69388   4.94893
3.71429 -1.59184   4.96878
3.71429 -1.4898   4.99872
3.71429 -1.38776   5.0386
3.71429 -1.28571   5.08776
3.71429 -1.18367   5.14506
3.71429 -1.08163   5.20896
3.71429 -0.979592   5.27759
3.71429 -0.877551   5.34883
3.71429 -0.77551   5.42053
3.71429 -0.673469   5.49054
3.71429 -0.571429   5.55697
3.71429 -0.469388   5.61824
3.71429 -0.367347   5.67324
3.71429 -0.265306   5.72141
3.71429 -0.163265   5.76277
3.71429 -0.0612245   5.79794
3.71429 0.0408163   5.82807
3.71429 0.142857   5.85479
3.71429 0.244898   5.88005
3.71429 0.346939   5.90599
3.71429 0.44898   5.93475
3.71429 0.55102   5.96829
3.71429 0.653061   6.00823
3.71429 0.755102   6.05569
3.71429 0.857143   6.11116
3.71429 0.959184   6.17443
3.71429 1.06122   6.24459
3.71429 1.16327   6.31999
3.71429 1.26531   6.39836
3.71429 1.36735   6.47693
3.71429 1.46939   6.55253
3.71429 1.57143   6.62185
3.71429 1.67347   6.68154
3.71429 1.77551   6.72849
3.71429 1.87755   6.75997
3.71429 1.97959   6.77376
3.71429 2.08163   6.76833
3.71429 2.18367   6.74289
3.71429 2.28571   6.69743
3.71429 2.38776   6.6327
3.71429 2.4898   6.55018
3.71429 2.59184   6.45196
3.71429 2.69388   6.34065
3.71429 2.79592   6.21924
3.71429 2.89796   6.0909
3.71429 3   5.95889

3.85714 -2   4.90625
3.85714 -1.89796   4.91071
3.85714 -1.79592   4.92486
3.85714 -1.69388   4.94973
3.85714 -1.59184   4.98591
3.85714 -1.4898   5.03349
3.85714 -1.38776   5.09205
3.85714 -1.28571   5.16062
3.85714 -1.18367   5.23773
3.85714 -1.08163   5.32143
3.85714 -0.979592   5.40948
3.85714 -0.877551   5.49937
3.85714 -0.77551   5.58856
3.85714 -0.673469   5.67458
3.85714 -0.571429   5.75522
3.85714 -0.469388   5.82865
3.85714 -0.367347   5.89359
3.85714 -0.265306   5.94936
3.85714 -0.163265   5.99592
3.85714 -0.0612245   6.03391
3.85714 0.0408163   6.06457
3.85714 0.142857   6.08965
3.85714 0.244898   6.11128
3.85714 0.346939   6.13181
3.85714 0.44898   6.15358
3.85714 0.55102   6.17879
3.85714 0.653061   6.20928
3.85714 0.755102   6.24636
3.85714 0.857143   6.29072
3.85714 0.959184   6.34231
3.85714 1.06122   6.40035
3.85714 1.16327   6.4633
3.85714 1.26531   6.52898
3.85714 1.36735   6.59469
3.85714 1.46939   6.65733
3.85714 1.57143   6.71362
3.85714 1.67347   6.7603
3.85714 1.77551   6.79431
3.85714 1.87755   6.81298
3.85714 1.97959   6.81419
3.85714 2.08163   6.79652
3.85714 2.18367   6.75927
3.85714 2.28571   6.70253
3.85714 2.38776   6.62719
3.85714 2.4898   6.53482
3.85714 2.59184   6.42764
3.85714 2.69388   6.30835
3.85714 2.79592   6.18
3.85714 2.89796   6.04583
3.85714 3   5.90911

4 -2   4.91026
4 -1.89796   4.92565
4 -1.79592   4.95214
4 -1.69388   4.99065
4 -1.59184   5.04164
4 -1.4898   5.10502
4 -1.38776   5.18012
4 -1.28571   5.26569
4 -1.18367   5.35996
4 -1.08163   5.46067
4 -0.979592   5.56519
4 -0.877551   5.67071
4 -0.77551   5.77435
4 -0.673469   5.87333
4 -0.571429   5.96519
4 -0.469388   6.04789
4 -0.367347   6.12
4 -0.265306   6.18072
4 -0.163265   6.23
4 -0.0612245   6.2685
4 0.0408163   6.29753
4 0.142857   6.31897
4 0.244898   6.33512
4 0.346939   6.34851
4 0.44898   6.3617
4 0.55102   6.3771
4 0.653061   6.39677
4 0.755102   6.42223
4 0.857143   6.45435
4 0.959184   6.49326
4 1.06122   6.53832
4 1.16327   6.58812
4 1.26531   6.6406
4 1.36735   6.69314
4 1.46939   6.74274
4 1.57143   6.78621
4 1.67347   6.82035
4 1.77551   6.84217
4 1.87755   6.8491
4 1.97959   6.83908
4 2.08163   6.81077
4 2.18367   6.76356
4 2.28571   6.69762
4 2.38776   6.6139
4 2.4898   6.51404
4 2.59184   6.40031
4 2.69388   6.27545
4 2.79592   6.14251
4 2.89796   6.00474
4 3   5.8654

4.14286 -2   4.9582
4.14286 -1.89796   4.98387
4.14286 -1.79592   5.02158
4.14286 -1.69388   5.07218
4.14286 -1.59184   5.13599
4.14286 -1.4898   5.21275
4.14286 -1.38776   5.30159
4.14286 -1.28571   5.40102
4.14286 -1.18367   5.509
4.14286 -1.08163   5.623
4.14286 -0.979592   5.74011
4.14286 -0.877551   5.85723
4.14286 -0.77551   5.97123
4.14286 -0.673469   6.07908
4.14286 -0.571429   6.17813
4.14286 -0.469388   6.26619
4.14286 -0.367347   6.34169
4.14286 -0.265306   6.40381
4.14286 -0.163265   6.45247
4.14286 -0.0612245   6.4884
4.14286 0.0408163   6.51299
4.14286 0.142857   6.52826
4.14286 0.244898   6.53667
4.14286 0.346939   6.54094
4.14286 0.44898   6.54385
4.14286 0.55102   6.548
4.14286 0.653061   6.55567
4.14286 0.755102   6.56856
4.14286 0.857143   6.58775
4.14286 0.959184   6.61353
4.14286 1.06122   6.64541
4.14286 1.16327   6.68214
4.14286 1.26531   6.72177
4.14286 1.36735   6.76178
4.14286 1.46939   6.79929
4.14286 1.57143   6.83116
4.14286 1.67347   6.8543
4.14286 1.77551   6.86579
4.14286 1.87755   6.8631
4.14286 1.97959   6.84427
4.14286 2.08163   6.80797
4.14286 2.18367   6.75366
4.14286 2.28571   6.68152
4.14286 2.38776   6.59253
4.14286 2.4898   6.48834
4.14286 2.59184   6.3712
4.14286 2.69388   6.24381
4.14286 2.79592   6.1092
4.14286 2.89796   5.97056
4.14286 3   5.83106

4.28571 -2   5.0484
4.28571 -1.89796   5.08352
4.28571 -1.79592   5.13116
4.28571 -1.69388   5.19205
4.28571 -1.59184   5.26639
4.28571 -1.4898   5.35375
4.28571 -1.38776   5.45309
4.28571 -1.28571   5.56274
4.28571 -1.18367   5.68042
4.28571 -1.08163   5.80339
4.28571 -0.979592   5.92852
4.28571 -0.877551   6.05252
4.28571 -0.77551   6.17203
4.28571 -0.673469   6.28391
4.28571 -0.571429   6.38535
4.28571 -0.469388   6.47408
4.28571 -0.367347   6.54849
4.28571 -0.265306   6.60776
4.28571 -0.163265   6.65186
4.28571 -0.0612245   6.68158
4.28571 0.0408163   6.69847
4.28571 0.142857   6.70468
4.28571 0.244898   6.70286
4.28571 0.346939   6.69591
4.28571 0.44898   6.68681
4.28571 0.55102   6.67837
4.28571 0.653061   6.67307
4.28571 0.755102   6.6728
4.28571 0.857143   6.67882
4.28571 0.959184   6.69158
4.28571 1.06122   6.71074
4.28571 1.16327   6.73519
4.28571 1.26531   6.76309
4.28571 1.36735   6.79205
4.28571 1.46939   6.81926
4.28571 1.57143   6.84168
4.28571 1.67347   6.85627
4.28571 1.77551   6.86017
4.28571 1.87755   6.85091
4.28571 1.97959   6.82653
4.28571 2.08163   6.78574
4.28571 2.18367   6.72795
4.28571 2.28571   6.65337
4.28571 2.38776   6.5629
4.28571 2.4898   6.45813
4.28571 2.59184   6.34124
4.28571 2.69388   6.21485
4.28571 2.79592   6.08187
4.28571 2.89796   5.94537
4.28571 3   5.80843

4.42857 -2   5.17631
4.42857 -1.89796   5.22001
4.42857 -1.79592   5.27618
4.42857 -1.69388   5.34544
4.42857 -1.59184   5.42786
4.42857 -1.4898   5.52288
4.42857 -1.38776   5.62929
4.42857 -1.28571   5.74525
4.42857 -1.18367   5.86833
4.42857 -1.08163   5.99562
4.42857 -0.979592   6.12385
4.42857 -0.877551   6.24958
4.42857 -0.77551   6.36938
4.42857 -0.673469   6.47999
4.42857 -0.571429   6.57859
4.42857 -0.469388   6.66289
4.42857 -0.367347   6.73132
4.42857 -0.265306   6.78313
4.42857 -0.163265   6.81839
4.42857 -0.0612245   6.83803
4.42857 0.0408163   6.84376
4.42857 0.142857   6.83791
4.42857 0.244898   6.82331
4.42857 0.346939   6.80309
4.42857 0.44898   6.7804
4.42857 0.55102   6.75827
4.42857 0.653061   6.73935
4.42857 0.755102   6.72572
4.42857 0.857143   6.71878
4.42857 0.959184   6.71916
4.42857 1.06122   6.72665
4.42857 1.16327   6.74025
4.42857 1.26531   6.75823
4.42857 1.36735   6.7783
4.42857 1.46939   6.79772
4.42857 1.57143   6.81352
4.42857 1.67347   6.8227
4.42857 1.77551   6.82243
4.42857 1.87755   6.81025
4.42857 1.97959   6.7842
4.42857 2.08163   6.74292
4.42857 2.18367   6.68581
4.42857 2.28571   6.61295
4.42857 2.38776   6.52515
4.42857 2.4898   6.4239
4.42857 2.59184   6.31121
4.42857 2.69388   6.18954
4.42857 2.79592   6.06165
4.42857 2.89796   5.93045
4.42857 3   5.79883

4.57143 -2   5.33501
4.57143 -1.89796   5.38636
4.57143 -1.79592   5.44965
4.57143 -1.69388   5.52536
4.57143 -1.59184   5.61342
4.57143 -1.4898   5.71313
4.57143 -1.38776   5.82315
4.57143 -1.28571   5.9415
4.57143 -1.18367   6.06564
4.57143 -1.08163   6.19255
4.57143 -0.979592   6.31889
4.57143 -0.877551   6.44116
4.57143 -0.77551   6.55591
4.57143 -0.673469   6.65991
4.57143 -0.571429   6.75037
4.57143 -0.469388   6.82508
4.57143 -0.367347   6.88262
4.57143 -0.265306   6.92234
4.57143 -0.163265   6.94452
4.57143 -0.0612245   6.95027
4.57143 0.0408163   6.9415
4.57143 0.142857   6.92075
4.57143 0.244898   6.89108
4.57143 0.346939   6.85579
4.57143 0.44898   6.81827
4.57143 0.55102   6.78172
4.57143 0.653061   6.74895
4.57143 0.755102   6.72221
4.57143 0.857143   6.70305
4.57143 0.959184   6.69221
4.57143 1.06122   6.68959
4.57143 1.16327   6.6943
4.57143 1.26531   6.70469
4.57143 1.36735   6.71854
4.57143 1.46939   6.73315
4.57143 1.57143   6.74561
4.57143 1.67347   6.75292
4.57143 1.77551   6.75227
4.57143 1.87755   6.74114
4.57143 1.97959   6.71752
4.57143 2.08163   6.68
4.57143 2.18367   6.62782
4.57143 2.28571   6.56096
4.57143 2.38776   6.48005
4.57143 2.4898   6.38639
4.57143 2.59184   6.28179
4.57143 2.69388   6.1685
4.57143 2.79592   6.04907
4.57143 2.89796   5.92619
4.57143 3   5.80256

4.71429 -2   5.51581
4.71429 -1.89796   5.57387
4.71429 -1.79592   5.64288
4.71429 -1.69388   5.72317
4.71429 -1.59184   5.81451
4.71429 -1.4898   5.91607
4.71429 -1.38776   6.02639
4.71429 -1.28571   6.14337
4.71429 -1.18367   6.26442
4.71429 -1.08163   6.38646
4.71429 -0.979592   6.50614
4.71429 -0.877551   6.61999
4.71429 -0.77551   6.72463
4.71429 -0.673469   6.81693
4.71429 -0.571429   6.89424
4.71429 -0.469388   6.95455
4.71429 -0.367347   6.99659
4.71429 -0.265306   7.01999
4.71429 -0.163265   7.02525
4.71429 -0.0612245   7.01372
4.71429 0.0408163   6.98755
4.71429 0.142857   6.94955
4.71429 0.244898   6.90298
4.71429 0.346939   6.85138
4.71429 0.44898   6.7983
4.71429 0.55102   6.74713
4.71429 0.653061   6.70082
4.71429 0.755102   6.66177
4.71429 0.857143   6.63162
4.71429 0.959184   6.6112
4.71429 1.06122   6.60051
4.71429 1.16327   6.5987
4.71429 1.26531   6.60419
4.71429 1.36735   6.61479
4.71429 1.46939   6.62783
4.71429 1.57143   6.6404
4.71429 1.67347   6.6495
4.71429 1.77551   6.65226
4.71429 1.87755   6.64612
4.71429 1.97959   6.62896
4.71429 2.08163   6.59923
4.71429 2.18367   6.55605
4.71429 2.28571   6.49918
4.71429 2.38776   6.42905
4.71429 2.4898   6.34671
4.71429 2.59184   6.25373
4.71429 2.69388   6.15211
4.71429 2.79592   6.04413
4.71429 2.89796   5.93224
4.71429 3   5.81892

4.85714 -2   5.70895
4.85714 -1.89796   5.77278
4.85714 -1.79592   5.84615
4.85714 -1.69388   5.92924
4.85714 -1.59184   6.02167
4.85714 -1.4898   6.12245
4.85714 -1.38776   6.23001
4.85714 -1.28571   6.3422
4.85714 -1.18367   6.45637
4.85714 -1.08163   6.56946
4.85714 -0.979592   6.67818
4.85714 -0.877551   6.77917
4.85714 -0.77551   6.86919
4.85714 -0.673469   6.94531
4.85714 -0.571429   7.0051
4.85714 -0.469388   7.04682
4.85714 -0.367347   7.06951
4.85714 -0.265306   7.07306
4.85714 -0.163265   7.05828
4.85714 -0.0612245   7.02684
4.85714 0.0408163   6.98116
4.85714 0.142857   6.92431
4.85714 0.244898   6.85979
4.85714 0.346939   6.79135
4.85714 0.44898   6.72271
4.85714 0.55102   6.65741
4.85714 0.653061   6.59853
4.85714 0.755102   6.54853
4.85714 0.857143   6.50915
4.85714 0.959184   6.48126
4.85714 1.06122   6.46489
4.85714 1.16327   6.45922
4.85714 1.26531   6.4627
4.85714 1.36735   6.47313
4.85714 1.46939   6.48783
4.85714 1.57143   6.50387
4.85714 1.67347   6.5182
4.85714 1.77551   6.5279
4.85714 1.87755   6.53029
4.85714 1.97959   6.52314
4.85714 2.08163   6.50474
4.85714 2.18367   6.47401
4.85714 2.28571   6.43049
4.85714 2.38776   6.37437
4.85714 2.4898   6.30642
4.85714 2.59184   6.22793
4.85714 2.69388   6.1406
4.85714 2.79592   6.04643
4.85714 2.89796   5.94761
4.85714 3   5.84636

5 -2   5.90442
5 -1.89796   5.973
5 -1.79592   6.04943
5 -1.69388   6.13367
5 -1.59184   6.22517
5 -1.4898   6.32281
5 -1.38776   6.42493
5 -1.28571   6.52932
5 -1.18367   6.63334
5 -1.08163   6.734
5 -0.979592   6.82814
5 -0.877551   6.91256
5 -0.77551   6.98425
5 -0.673469   7.04056
5 -0.571429   7.07939
5 -0.469388   7.09933
5 -0.367347   7.09977
5 -0.265306   7.08097
5 -0.163265   7.0441
5 -0.0612245   6.99116
5 0.0408163   6.92488
5 0.142857   6.8486
5 0.244898   6.76606
5 0.346939   6.68118
5 0.44898   6.59786
5 0.55102   6.51972
5 0.653061   6.44991
5 0.755102   6.39097
5 0.857143   6.34461
5 0.959184   6.31174
5 1.06122   6.29237
5 1.16327   6.28567
5 1.26531   6.29004
5 1.36735   6.30326
5 1.46939   6.32262
5 1.57143   6.34512
5 1.67347   6.36766
5 1.77551   6.38721
5 1.87755   6.401
5 1.97959   6.40664
5 2.08163   6.40226
5 2.18367   6.38655
5 2.28571   6.35881
5 2.38776   6.31898
5 2.4898   6.26753
5 2.59184   6.20545
5 2.69388   6.13413
5 2.79592   6.05529
5 2.89796   5.97083
5 3   5.88274

5.14286 -2   6.09263
5.14286 -1.89796   6.16493
5.14286 -1.79592   6.24314
5.14286 -1.69388   6.32699
5.14286 -1.59184   6.41576
5.14286 -1.4898   6.50822
5.14286 -1.38776   6.6026
5.14286 -1.28571   6.69671
5.14286 -1.18367   6.78793
5.14286 -1.08163   6.8734
5.14286 -0.979592   6.95012
5.14286 -0.877551   7.01517
5.14286 -0.77551   7.06582
5.14286 -0.673469   7.09979
5.14286 -0.571429   7.11534
5.14286 -0.469388   7.11148
5.14286 -0.367347   7.08802
5.14286 -0.265306   7.04564
5.14286 -0.163265   6.98588
5.14286 -0.0612245   6.9111
5.14286 0.0408163   6.82436
5.14286 0.142857   6.72925
5.14286 0.244898   6.62972
5.14286 0.346939   6.52986
5.14286 0.44898   6.43367
5.14286 0.55102   6.34482
5.14286 0.653061   6.26649
5.14286 0.755102   6.20117
5.14286 0.857143   6.15058
5.14286 0.959184   6.11554
5.14286 1.06122   6.096
5.14286 1.16327   6.09107
5.14286 1.26531   6.09909
5.14286 1.36735   6.11777
5.14286 1.46939   6.14434
5.14286 1.57143   6.17571
5.14286 1.67347   6.20872
5.14286 1.77551   6.24023
5.14286 1.87755   6.26734
5.14286 1.97959   6.28754
5.14286 2.08163   6.29875
5.14286 2.18367   6.29949
5.14286 2.28571   6.2888
5.14286 2.38776   6.26636
5.14286 2.4898   6.23236
5.14286 2.59184   6.18749
5.14286 2.69388   6.13286
5.14286 2.79592   6.06987
5.14286 2.89796   6.00016
5.14286 3   5.92549

5.28571 -2   6.26512
5.28571 -1.89796   6.34004
5.28571 -1.79592   6.41876
5.28571 -1.69388   6.5008
5.28571 -1.59184   6.58528
5.28571 -1.4898   6.67083
5.28571 -1.38776   6.75565
5.28571 -1.28571   6.83753
5.28571 -1.18367   6.91398
5.28571 -1.08163   6.98229
5.28571 -0.979592   7.0397
5.28571 -0.877551   7.08359
5.28571 -0.77551   7.11161
5.28571 -0.673469   7.12187
5.28571 -0.571429   7.11311
5.28571 -0.469388   7.08477
5.28571 -0.367347   7.03712
5.28571 -0.265306   6.97129
5.28571 -0.163265   6.88922
5.28571 -0.0612245   6.79363
5.28571 0.0408163   6.68788
5.28571 0.142857   6.57579
5.28571 0.244898   6.46149
5.28571 0.346939   6.34917
5.28571 0.44898   6.24287
5.28571 0.55102   6.14626
5.28571 0.653061   6.06246
5.28571 0.755102   5.99389
5.28571 0.857143   5.94214
5.28571 0.959184   5.90794
5.28571 1.06122   5.8911
5.28571 1.16327   5.89064
5.28571 1.26531   5.90477
5.28571 1.36735   5.93112
5.28571 1.46939   5.96682
5.28571 1.57143   6.00872
5.28571 1.67347   6.05356
5.28571 1.77551   6.09812
5.28571 1.87755   6.13939
5.28571 1.97959   6.17471
5.28571 2.08163   6.20188
5.28571 2.18367   6.21921
5.28571 2.28571   6.22555
5.28571 2.38776   6.22032
5.28571 2.4898   6.20346
5.28571 2.59184   6.1754
5.28571 2.69388   6.13695
5.28571 2.79592   6.08927
5.28571 2.89796   6.03375
5.28571 3   5.9719

5.42857 -2   6.41502
5.42857 -1.89796   6.49141
5.42857 -1.79592   6.56941
5.42857 -1.69388   6.64836
5.42857 -1.59184   6.7272
5.42857 -1.4898   6.80447
5.42857 -1.38776   6.87834
5.42857 -1.28571   6.94667
5.42857 -1.18367   7.00707
5.42857 -1.08163   7.05708
5.42857 -0.979592   7.09422
5.42857 -0.877551   7.11622
5.42857 -0.77551   7.12117
5.42857 -0.673469   7.10764
5.42857 -0.571429   7.07483
5.42857 -0.469388   7.02269
5.42857 -0.367347   6.95197
5.42857 -0.265306   6.86423
5.42857 -0.163265   6.76182
5.42857 -0.0612245   6.64779
5.42857 0.0408163   6.52576
5.42857 0.142857   6.39975
5.42857 0.244898   6.274
5.42857 0.346939   6.15273
5.42857 0.44898   6.03995
5.42857 0.55102   5.93924
5.42857 0.653061   5.8536
5.42857 0.755102   5.78528
5.42857 0.857143   5.7357
5.42857 0.959184   5.70539
5.42857 1.06122   5.69401
5.42857 1.16327   5.70041
5.42857 1.26531   5.72267
5.42857 1.36735   5.7583
5.42857 1.46939   5.80434
5.42857 1.57143   5.85757
5.42857 1.67347   5.91462
5.42857 1.77551   5.97224
5.42857 1.87755   6.02732
5.42857 1.97959   6.07712
5.42857 2.08163   6.11932
5.42857 2.18367   6.15208
5.42857 2.28571   6.1741
5.42857 2.38776   6.1846
5.42857 2.4898   6.18332
5.42857 2.59184   6.17045
5.42857 2.69388   6.14657
5.42857 2.79592   6.11262
5.42857 2.89796   6.06975
5.42857 3   6.0193

5.57143 -2   6.5374
5.57143 -1.89796   6.61406
5.57143 -1.79592   6.69018
5.57143 -1.69388   6.76489
5.57143 -1.59184   6.83699
5.57143 -1.4898   6.90496
5.57143 -1.38776   6.96697
5.57143 -1.28571   7.02099
5.57143 -1.18367   7.0648
5.57143 -1.08163   7.09619
5.57143 -0.979592   7.11305
5.57143 -0.877551   7.11349
5.57143 -0.77551   7.09607
5.57143 -0.673469   7.05984
5.57143 -0.571429   7.00452
5.57143 -0.469388   6.93057
5.57143 -0.367347   6.8392
5.57143 -0.265306   6.7324
5.57143 -0.163265   6.61289
5.57143 -0.0612245   6.48402
5.57143 0.0408163   6.34961
5.57143 0.142857   6.2138
5.57143 0.244898   6.08085
5.57143 0.346939   5.95496
5.57143 0.44898   5.84
5.57143 0.55102   5.73939
5.57143 0.653061   5.6559
5.57143 0.755102   5.59154
5.57143 0.857143   5.54749
5.57143 0.959184   5.52404
5.57143 1.06122   5.52062
5.57143 1.16327   5.53588
5.57143 1.26531   5.56774
5.57143 1.36735   5.61359
5.57143 1.46939   5.67037
5.57143 1.57143   5.73479
5.57143 1.67347   5.80346
5.57143 1.77551   5.87306
5.57143 1.87755   5.94047
5.57143 1.97959   6.00291
5.57143 2.08163   6.05799
5.57143 2.18367   6.10381
5.57143 2.28571   6.13896
5.57143 2.38776   6.16253
5.57143 2.4898   6.17411
5.57143 2.59184   6.17373
5.57143 2.69388   6.1618
5.57143 2.79592   6.13906
5.57143 2.89796   6.1065
5.57143 3   6.06529

5.71429 -2   6.62936
5.71429 -1.89796   6.70512
5.71429 -1.79592   6.77826
5.71429 -1.69388   6.84775
5.71429 -1.59184   6.91227
5.71429 -1.4898   6.97028
5.71429 -1.38776   7.02001
5.71429 -1.28571   7.05953
5.71429 -1.18367   7.08689
5.71429 -1.08163   7.10015
5.71429 -0.979592   7.09759
5.71429 -0.877551   7.07777
5.71429 -0.77551   7.03971
5.71429 -0.673469   6.983
5.71429 -0.571429   6.90785
5.71429 -0.469388   6.81522
5.71429 -0.367347   6.70676
5.71429 -0.265306   6.58487
5.71429 -0.163265   6.45258
5.71429 -0.0612245   6.31345
5.71429 0.0408163   6.17145
5.71429 0.142857   6.03075
5.71429 0.244898   5.89557
5.71429 0.346939   5.76993
5.71429 0.44898   5.65751
5.71429 0.55102   5.56146
5.71429 0.653061   5.48425
5.71429 0.755102   5.42758
5.71429 0.857143   5.39228
5.71429 0.959184   5.37837
5.71429 1.06122   5.385
5.71429 1.16327   5.41059
5.71429 1.26531   5.45291
5.71429 1.36735   5.50919
5.71429 1.46939   5.57631
5.71429 1.57143   5.65094
5.71429 1.67347   5.72967
5.71429 1.77551   5.8092
5.71429 1.87755   5.88645
5.71429 1.97959   5.95865
5.71429 2.08163   6.02344
5.71429 2.18367   6.0789
5.71429 2.28571   6.12361
5.71429 2.38776   6.15661
5.71429 2.4898   6.17741
5.71429 2.59184   6.18595
5.71429 2.69388   6.18252
5.71429 2.79592   6.16774
5.71429 2.89796   6.14247
5.71429 3   6.10779

5.85714 -2   6.68996
5.85714 -1.89796   6.76371
5.85714 -1.79592   6.83291
5.85714 -1.69388   6.89639
5.85714 -1.59184   6.95278
5.85714 -1.4898   7.00054
5.85714 -1.38776   7.038
5.85714 -1.28571   7.06342
5.85714 -1.18367   7.07508
5.85714 -1.08163   7.07142
5.85714 -0.979592   7.0511
5.85714 -0.877551   7.01317
5.85714 -0.77551   6.95712
5.85714 -0.673469   6.88305
5.85714 -0.571429   6.79168
5.85714 -0.469388   6.68441
5.85714 -0.367347   6.56333
5.85714 -0.265306   6.43115
5.85714 -0.163265   6.29115
5.85714 -0.0612245   6.14705
5.85714 0.0408163   6.00284
5.85714 0.142857   5.86264
5.85714 0.244898   5.73051
5.85714 0.346939   5.61024
5.85714 0.44898   5.5052
5.85714 0.55102   5.41817
5.85714 0.653061   5.35123
5.85714 0.755102   5.3057
5.85714 0.857143   5.28204
5.85714 0.959184   5.2799
5.85714 1.06122   5.29815
5.85714 1.16327   5.33496
5.85714 1.26531   5.38791
5.85714 1.36735   5.45413
5.85714 1.46939   5.53043
5.85714 1.57143   5.61349
5.85714 1.67347   5.69994
5.85714 1.77551   5.78655
5.85714 1.87755   5.87034
5.85714 1.97959   5.94863
5.85714 2.08163   6.01916
5.85714 2.18367   6.0801
5.85714 2.28571   6.13008
5.85714 2.38776   6.16818
5.85714 2.4898   6.19392
5.85714 2.59184   6.2072
5.85714 2.69388   6.20829
5.85714 2.79592   6.19773
5.85714 2.89796   6.17634
5.85714 3   6.14509

6 -2   6.72
6 -1.89796   6.79073
6 -1.79592   6.85519
6 -1.69388   6.91212
6 -1.59184   6.96012
6 -1.4898   6.99772
6 -1.38776   7.02338
6 -1.28571   7.03557
6 -1.18367   7.03288
6 -1.08163   7.01412
6 -0.979592   6.97837
6 -0.877551   6.92515
6 -0.77551   6.85446
6 -0.673469   6.76686
6 -0.571429   6.66355
6 -0.469388   6.54634
6 -0.367347   6.41766
6 -0.265306   6.2805
6 -0.163265   6.13829
6 -0.0612245   5.99479
6 0.0408163   5.85397
6 0.142857   5.71977
6 0.244898   5.59598
6 0.346939   5.48607
6 0.44898   5.393
6 0.55102   5.31912
6 0.653061   5.26605
6 0.755102   5.23465
6 0.857143   5.22495
6 0.959184   5.23623
6 1.06122   5.26704
6 1.16327   5.3153
6 1.26531   5.37841
6 1.36735   5.45342
6 1.46939   5.53711
6 1.57143   5.62619
6 1.67347   5.71741
6 1.77551   5.80768
6 1.87755   5.89416
6 1.97959   5.97438
6 2.08163   6.04623
6 2.18367   6.10806
6 2.28571   6.15864
6 2.38776   6.19717
6 2.4898   6.22325
6 2.59184   6.23684
6 2.69388   6.23824
6 2.79592   6.228
6 2.89796   6.20689
6 3   6.17587

6.14286 -2   6.72164
6.14286 -1.89796   6.78852
6.14286 -1.79592   6.84765
6.14286 -1.69388   6.89774
6.14286 -1.59184   6.93741
6.14286 -1.4898   6.96529
6.14286 -1.38776   6.98
6.14286 -1.28571   6.98029
6.14286 -1.18367   6.96507
6.14286 -1.08163   6.93352
6.14286 -0.979592   6.88518
6.14286 -0.877551   6.82001
6.14286 -0.77551   6.73848
6.14286 -0.673469   6.64162
6.14286 -0.571429   6.53103
6.14286 -0.469388   6.40888
6.14286 -0.367347   6.27787
6.14286 -0.265306   6.14117
6.14286 -0.163265   6.00228
6.14286 -0.0612245   5.86493
6.14286 0.0408163   5.7329
6.14286 0.142857   5.6099
6.14286 0.244898   5.49938
6.14286 0.346939   5.40435
6.14286 0.44898   5.32732
6.14286 0.55102   5.27011
6.14286 0.653061   5.23384
6.14286 0.755102   5.21886
6.14286 0.857143   5.22476
6.14286 0.959184   5.25041
6.14286 1.06122   5.29404
6.14286 1.16327   5.35332
6.14286 1.26531   5.42552
6.14286 1.36735   5.5076
6.14286 1.46939   5.59638
6.14286 1.57143   5.68866
6.14286 1.67347   5.78134
6.14286 1.77551   5.87153
6.14286 1.87755   5.95665
6.14286 1.97959   6.03444
6.14286 2.08163   6.10308
6.14286 2.18367   6.16115
6.14286 2.28571   6.20764
6.14286 2.38776   6.24195
6.14286 2.4898   6.26384
6.14286 2.59184   6.27339
6.14286 2.69388   6.27099
6.14286 2.79592   6.25725
6.14286 2.89796   6.23297
6.14286 3   6.19911

6.28571 -2   6.69798
6.28571 -1.89796   6.76039
6.28571 -1.79592   6.81386
6.28571 -1.69388   6.85708
6.28571 -1.59184   6.88878
6.28571 -1.4898   6.9077
6.28571 -1.38776   6.91269
6.28571 -1.28571   6.90276
6.28571 -1.18367   6.87718
6.28571 -1.08163   6.83552
6.28571 -0.979592   6.77774
6.28571 -0.877551   6.70424
6.28571 -0.77551   6.61593
6.28571 -0.673469   6.51423
6.28571 -0.571429   6.40111
6.28571 -0.469388   6.27902
6.28571 -0.367347   6.15084
6.28571 -0.265306   6.01983
6.28571 -0.163265   5.88946
6.28571 -0.0612245   5.76333
6.28571 0.0408163   5.64499
6.28571 0.142857   5.53778
6.28571 0.244898   5.44471
6.28571 0.346939   5.36833
6.28571 0.44898   5.31057
6.28571 0.55102   5.27271
6.28571 0.653061   5.25532
6.28571 0.755102   5.25821
6.28571 0.857143   5.28053
6.28571 0.959184   5.32073
6.28571 1.06122   5.37673
6.28571 1.16327   5.44601
6.28571 1.26531   5.52569
6.28571 1.36735   5.61271
6.28571 1.46939   5.70397
6.28571 1.57143   5.7964
6.28571 1.67347   5.88712
6.28571 1.77551   5.9735
6.28571 1.87755   6.05324
6.28571 1.97959   6.12444
6.28571 2.08163   6.18556
6.28571 2.18367   6.23551
6.28571 2.28571   6.27356
6.28571 2.38776   6.29937
6.28571 2.4898   6.31293
6.28571 2.59184   6.3145
6.28571 2.69388   6.30461
6.28571 2.79592   6.28397
6.28571 2.89796   6.25345
6.28571 3   6.21403

6.42857 -2   6.65269
6.42857 -1.89796   6.71022
6.42857 -1.79592   6.75792
6.42857 -1.69388   6.79455
6.42857 -1.59184   6.8189
6.42857 -1.4898   6.82991
6.42857 -1.38776   6.82666
6.42857 -1.28571   6.80848
6.42857 -1.18367   6.77496
6.42857 -1.08163   6.72605
6.42857 -0.979592   6.66213
6.42857 -0.877551   6.584
6.42857 -0.77551   6.49295
6.42857 -0.673469   6.39075
6.42857 -0.571429   6.27964
6.42857 -0.469388   6.16227
6.42857 -0.367347   6.04165
6.42857 -0.265306   5.92101
6.42857 -0.163265   5.80372
6.42857 -0.0612245   5.69315
6.42857 0.0408163   5.59252
6.42857 0.142857   5.50476
6.42857 0.244898   5.43238
6.42857 0.346939   5.37737
6.42857 0.44898   5.34109
6.42857 0.55102   5.32424
6.42857 0.653061   5.32681
6.42857 0.755102   5.3481
6.42857 0.857143   5.38679
6.42857 0.959184   5.44096
6.42857 1.06122   5.50826
6.42857 1.16327   5.58596
6.42857 1.26531   5.67111
6.42857 1.36735   5.76069
6.42857 1.46939   5.85168
6.42857 1.57143   5.94122
6.42857 1.67347   6.02669
6.42857 1.77551   6.10578
6.42857 1.87755   6.17653
6.42857 1.97959   6.2374
6.42857 2.08163   6.28724
6.42857 2.18367   6.32531
6.42857 2.28571   6.35123
6.42857 2.38776   6.36495
6.42857 2.4898   6.36673
6.42857 2.59184   6.35707
6.42857 2.69388   6.33666
6.42857 2.79592   6.30636
6.42857 2.89796   6.26713
6.42857 3   6.22

6.57143 -2   6.58955
6.57143 -1.89796   6.64205
6.57143 -1.79592   6.68413
6.57143 -1.69388   6.71464
6.57143 -1.59184   6.73251
6.57143 -1.4898   6.73689
6.57143 -1.38776   6.72709
6.57143 -1.28571   6.70275
6.57143 -1.18367   6.66381
6.57143 -1.08163   6.61056
6.57143 -0.979592   6.54376
6.57143 -0.877551   6.46456
6.57143 -0.77551   6.37458
6.57143 -0.673469   6.27586
6.57143 -0.571429   6.17085
6.57143 -0.469388   6.06232
6.57143 -0.367347   5.95328
6.57143 -0.265306   5.84689
6.57143 -0.163265   5.74632
6.57143 -0.0612245   5.65465
6.57143 0.0408163   5.57469
6.57143 0.142857   5.50891
6.57143 0.244898   5.45928
6.57143 0.346939   5.42721
6.57143 0.44898   5.41347
6.57143 0.55102   5.41817
6.57143 0.653061   5.44075
6.57143 0.755102   5.48
6.57143 0.857143   5.53418
6.57143 0.959184   5.60104
6.57143 1.06122   5.67797
6.57143 1.16327   5.76211
6.57143 1.26531   5.85049
6.57143 1.36735   5.94012
6.57143 1.46939   6.02817
6.57143 1.57143   6.112
6.57143 1.67347   6.1893
6.57143 1.77551   6.25811
6.57143 1.87755   6.31685
6.57143 1.97959   6.36439
6.57143 2.08163   6.39998
6.57143 2.18367   6.42327
6.57143 2.28571   6.43424
6.57143 2.38776   6.43319
6.57143 2.4898   6.42067
6.57143 2.59184   6.39743
6.57143 2.69388   6.36435
6.57143 2.79592   6.32246
6.57143 2.89796   6.27281
6.57143 3   6.21651

6.71429 -2   6.51226
6.71429 -1.89796   6.55976
6.71429 -1.79592   6.59658
6.71429 -1.69388   6.62164
6.71429 -1.59184   6.63408
6.71429 -1.4898   6.63322
6.71429 -1.38776   6.61867
6.71429 -1.28571   6.59031
6.71429 -1.18367   6.54842
6.71429 -1.08163   6.49363
6.71429 -0.979592   6.42699
6.71429 -0.877551   6.34998
6.71429 -0.77551   6.26445
6.71429 -0.673469   6.17266
6.71429 -0.571429   6.07718
6.71429 -0.469388   5.98079
6.71429 -0.367347   5.88648
6.71429 -0.265306   5.79722
6.71429 -0.163265   5.71593
6.71429 -0.0612245   5.64533
6.71429 0.0408163   5.5878
6.71429 0.142857   5.5453
6.71429 0.244898   5.51924
6.71429 0.346939   5.51046
6.71429 0.44898   5.51914
6.71429 0.55102   5.54483
6.71429 0.653061   5.58645
6.71429 0.755102   5.64235
6.71429 0.857143   5.71039
6.71429 0.959184   5.78803
6.71429 1.06122   5.87249
6.71429 1.16327   5.96081
6.71429 1.26531   6.05004
6.71429 1.36735   6.13732
6.71429 1.46939   6.21999
6.71429 1.57143   6.29569
6.71429 1.67347   6.36244
6.71429 1.77551   6.41866
6.71429 1.87755   6.46317
6.71429 1.97959   6.49526
6.71429 2.08163   6.51459
6.71429 2.18367   6.52121
6.71429 2.28571   6.51549
6.71429 2.38776   6.49806
6.71429 2.4898   6.46976
6.71429 2.59184   6.43161
6.71429 2.69388   6.38469
6.71429 2.79592   6.33019
6.71429 2.89796   6.26929
6.71429 3   6.20314

6.85714 -2   6.42413
6.85714 -1.89796   6.46687
6.85714 -1.79592   6.49892
6.85714 -1.69388   6.51937
6.85714 -1.59184   6.52751
6.85714 -1.4898   6.52288
6.85714 -1.38776   6.50533
6.85714 -1.28571   6.47502
6.85714 -1.18367   6.43251
6.85714 -1.08163   6.37871
6.85714 -0.979592   6.31493
6.85714 -0.877551   6.24289
6.85714 -0.77551   6.16463
6.85714 -0.673469   6.08252
6.85714 -0.571429   5.99917
6.85714 -0.469388   5.91735
6.85714 -0.367347   5.83989
6.85714 -0.265306   5.76955
6.85714 -0.163265   5.70894
6.85714 -0.0612245   5.66038
6.85714 0.0408163   5.6258
6.85714 0.142857   5.60662
6.85714 0.244898   5.60374
6.85714 0.346939   5.61741
6.85714 0.44898   5.64729
6.85714 0.55102   5.6924
6.85714 0.653061   5.7512
6.85714 0.755102   5.82164
6.85714 0.857143   5.90128
6.85714 0.959184   5.98735
6.85714 1.06122   6.07694
6.85714 1.16327   6.16706
6.85714 1.26531   6.25484
6.85714 1.36735   6.33756
6.85714 1.46939   6.41279
6.85714 1.57143   6.47848
6.85714 1.67347   6.53298
6.85714 1.77551   6.57509
6.85714 1.87755   6.60405
6.85714 1.97959   6.61955
6.85714 2.08163   6.62166
6.85714 2.18367   6.61083
6.85714 2.28571   6.58777
6.85714 2.38776   6.55345
6.85714 2.4898   6.509
6.85714 2.59184   6.45568
6.85714 2.69388   6.39477
6.85714 2.79592   6.32761
6.85714 2.89796   6.25546
6.85714 3   6.17958

7 -2   6.32807
7 -1.89796   6.36641
7 -1.79592   6.39432
7 -1.69388   6.41103
7 -1.59184   6.41602
7 -1.4898   6.40904
7 -1.38776   6.39016
7 -1.28571   6.35979
7 -1.18367   6.3187
7 -1.08163   6.26806
7 -0.979592   6.20937
7 -0.877551   6.14451
7 -0.77551   6.07564
7 -0.673469   6.00518
7 -0.571429   5.93572
7 -0.469388   5.8699
7 -0.367347   5.81038
7 -0.265306   5.75964
7 -0.163265   5.71996
7 -0.0612245   5.69324
7 0.0408163   5.68093
7 0.142857   5.68398
7 0.244898   5.70276
7 0.346939   5.73701
7 0.44898   5.7859
7 0.55102   5.848
7 0.653061   5.92139
7 0.755102   6.00369
7 0.857143   6.09221
7 0.959184   6.18406
7 1.06122   6.27626
7 1.16327   6.36584
7 1.26531   6.45005
7 1.36735   6.52635
7 1.46939   6.59258
7 1.57143   6.64699
7 1.67347   6.68827
7 1.77551   6.7156
7 1.87755   6.72862
7 1.97959   6.72739
7 2.08163   6.71237
7 2.18367   6.68435
7 2.28571   6.64439
7 2.38776   6.59376
7 2.4898   6.53384
7 2.59184   6.46609
7 2.69388   6.392
7 2.79592   6.31299
7 2.89796   6.23046
7 3   6.14567


