-0.159812 -0.605617
-0.0477703 -0.0838049
-0.00107548 -0.781743
-0.599771 -0.108471
-0.935829 -0.979977
-0.468394 -0.96072
-0.170799 -0.669663
-0.315781 -0.089028
-0.552966 -0.773893
-0.315555 -0.616812
-0.92547 -0.049896
-0.47979 -0.921768
-0.002201 -0.945942
-0.42057 -0.547424
-0.166761 -0.0746234
-0.350293 -0.751956
-0.719958 -0.453893
-0.166757 -0.766108
-0.652884 -0.815378
-0.739503 -0.122616
-0.0156368 -0.996421
-0.0569487 -0.0837271
-0.135421 -0.507601
-0.821792 -0.778034
-0.605673 -0.341169
-0.41643 -0.734539
-0.755673 -0.673987
-0.134465 -0.278994
-0.190905 -0.868298
-0.695715 -0.111277
-0.518267 -0.774509
-0.691843 -0.778991
-0.467154 -0.845276
-0.302152 -0.68805
-0.847124 -0.967107
-0.818839 -0.658646
-0.605479 -0.293933
-0.185861 -0.405503
-0.529436 -0.833045
-0.29909 -0.481849
-0.752967 -0.593233
-0.777398 -0.780212
-0.780864 -0.522449
-0.668154 -0.597621
-0.626444 -0.800997
-0.398573 -0.229314
-0.100569 -0.252362
-0.373875 -0.823761
-0.606254 -0.503569
-0.964334 -0.476452
-0.0958129 -0.68706
-0.110447 -0.0544984
-0.270602 -0.774764
-0.556661 -0.730978
-0.47317 -0.152
-0.956085 -0.976137
-0.915589 -0.755142
-0.256273 -0.077428
-0.239138 -0.903319
-0.863044 -0.340122
-0.6007 -0.788435
-0.0897735 -0.132803
-0.177574 -0.422322
-0.285568 -0.364796
-0.155719 -0.264689
-0.778082 -0.493085
-0.226699 -0.971547
-0.352478 -0.899314
-0.0984514 -0.567801
-0.514134 -0.807514
-0.0402836 -0.224942
-0.162014 -0.845289
-0.30663 -0.555903
-0.478739 -0.71572
-0.890767 -0.13091
-0.102117 -0.100479
-0.436673 -0.797768
-0.808228 -0.0785953
-0.278178 -0.649495
-0.900715 -0.735376
-0.85177 -0.0746213
-0.143174 -0.0904881
-0.498165 -0.305909
-0.674823 -0.665984
-0.254846 -0.469448
-0.0587571 -0.119275
-0.355488 -0.0150204
-0.423521 -0.956621
-0.477271 -0.20908
-0.788214 -0.321839
-0.132679 -0.858204
-0.732917 -0.964961
-0.672374 -0.0140537
-0.855532 -0.435748
-0.182253 -0.606072
-0.887795 -0.675904
-0.25955 -0.553124
-0.830823 -0.963182
-0.606903 -0.518876
-0.420235 -0.591583
-0.963484 -0.460416
-0.0668239 -0.91057
-0.491631 -0.364754
-0.386954 -0.557211
-0.00688962 -0.526159
-0.396589 -0.64891
-0.000758818 -0.243857
-0.856776 -0.880416
-0.206247 -0.309498
-0.637885 -0.619566
-0.741743 -0.51155
-0.107682 -0.271097
-0.21141 -0.832352
-0.877511 -0.516258
-0.255944 -0.732433
-0.316167 -0.803572
-0.0966064 -0.839865
-0.821686 -0.939844
-0.0805185 -0.300656
-0.881874 -0.152047
-0.765559 -0.103382
-0.369576 -0.492445
-0.777271 -0.652713
-0.537935 -0.867442
-0.951261 -0.879757
-0.667818 -0.0373631
-0.203212 -0.296584
-0.596459 -0.887012
-0.504233 -0.24171
-0.539691 -0.713926
-0.237829 -0.309269
-0.906212 -0.955638
-0.243736 -0.306689
-0.152477 -0.0409038
-0.594911 -0.922063
-0.958724 -0.201526
-0.434041 -0.830252
-0.315107 -0.948618
-0.60171 -0.99053
-0.177118 -0.851764
-0.404516 -0.935412
-0.598718 -0.159101
-0.354547 -0.891215
-0.573577 -0.952934
-0.762154 -0.435516
-0.273813 -0.362267
-0.495044 -0.434319
-0.283909 -0.339034
-0.950067 -0.576622
-0.833163 -0.216587
-0.699725 -0.897317
-0.987699 -0.199292
-0.159591 -0.197337
-0.453828 -0.274646
-0.310491 -0.505683
-0.826772 -0.843743
-0.902482 -0.997887
-0.435958 -0.293478
-0.482659 -0.434811
-0.542948 -0.144581
-0.0306922 -0.300397
-0.887629 -0.071397
-0.423952 -0.486509
-0.140313 -0.14087
-0.723656 -0.955204
-0.508786 -0.799832
-0.625587 -0.522677
-0.60574 -0.106091
-0.621034 -0.579782
-0.340613 -0.861174
-0.874567 -0.841393
-0.354307 -0.622623
-0.459611 -0.791825
-0.702378 -0.340888
-0.170443 -0.621684
-0.0741814 -0.276098
-0.545203 -0.0727561
-0.241509 -0.469957
-0.650287 -0.488071
-0.446889 -0.670715
-0.0759818 -0.532177
-0.47771 -0.656503
-0.152295 -0.735255
-0.703293 -0.798933
-0.517475 -0.0491065
-0.127097 -0.438098
-0.866363 -0.171279
-0.51126 -0.533145
-0.329013 -0.432731
-0.0374824 -0.388721
-0.514743 -0.73312
-0.404898 -0.835638
-0.61933 -0.97005
-0.796804 -0.88647
-0.91338 -0.647494
-0.848975 -0.296879
-0.273443 -0.9402
-0.638119 -0.692504
-0.248561 -0.598694
-0.767049 -0.845607
0.943601 0.522588
0.0989663 0.221171
0.605637 0.00386199
0.169592 0.917369
0.615899 0.571064
0.769862 0.313885
0.136962 0.897424
0.261102 0.192586
0.830764 0.32263
0.0590435 0.200379
0.942739 0.486873
0.941724 0.596958
0.0649769 0.493503
0.636282 0.141065
0.549519 0.565256
0.649603 0.910142
0.473805 0.91406
0.0355706 0.589339
0.604654 0.619965
0.0536133 0.663091
0.146641 0.857978
0.000824207 0.670766
0.904326 0.243758
0.804975 0.234686
0.62884 0.58523
0.504796 0.58196
0.919869 0.901503
0.812006 0.0708083
0.25322 0.697616
0.0110069 0.522075
0.634528 0.226481
0.0256669 0.0559791
0.501178 0.274417
0.523506 0.453226
0.786326 0.21092
0.0267842 0.397874
0.618712 0.575875
0.0135584 0.0933659
0.142949 0.506247
0.429182 0.537407
0.615842 0.139216
0.288326 0.521386
0.822086 0.480859
0.176179 0.950714
0.32207 0.702641
0.787347 0.900294
0.0875648 0.937901
0.120757 0.410651
0.946461 0.862016
0.776254 0.048004
0.981637 0.886116
0.723519 0.536564
0.988972 0.855051
0.398698 0.669857
0.0801656 0.0993164
0.329892 0.0659098
0.348555 0.712244
0.182116 0.275352
0.703096 0.0557698
0.925497 0.991897
0.675915 0.515819
0.749422 0.405098
0.366516 0.213991
0.659452 0.652399
0.552897 0.530851
0.238445 0.998525
0.387987 0.525373
0.198945 0.440813
0.0666617 0.289518
0.143818 0.283392
0.109345 0.790125
0.0880377 0.359984
0.931024 0.227711
0.39553 0.155233
0.588805 0.115024
0.922505 0.496818
0.771387 0.451879
0.602314 0.84039
0.724562 0.968549
0.388838 0.393168
0.0225948 0.164764
0.198887 0.0117881
0.283175 0.456955
0.767615 0.230689
0.00236773 0.681625
0.648511 0.335551
0.216935 0.297912
0.340664 0.680667
0.957394 0.794745
0.268192 0.735031
0.13447 0.516045
0.57847 0.552939
0.875478 0.848144
0.317431 0.586137
0.479015 0.308517
0.750679 0.862092
0.18428 0.156293
0.0105039 0.682742
0.647059 0.404539
0.357794 0.743133
0.161975 0.251961
0.786766 0.54208
0.397697 0.353195
0.245583 0.791513
0.373665 0.933221
0.619777 0.8529
0.00227268 0.0964953
0.000956713 0.886886
0.9278 0.222814
0.480615 0.10971
0.459128 0.430632
0.433858 0.00795897
0.782597 0.0589577
0.946418 0.644983
0.59324 0.275897
0.654899 0.760536
0.306 0.156282
0.653475 0.330728
0.94561 0.134765
0.394506 0.45742
0.892421 0.324961
0.686661 0.984976
0.969926 0.908886
0.774826 0.696918
0.000410601 0.90886
0.358327 0.353584
0.119147 0.966402
0.346846 0.77872
0.230895 0.379351
0.380363 0.937715
0.0889511 0.273928
0.93146 0.181056
0.775863 0.445793
0.0934087 0.693017
0.612156 0.58926
0.798198 0.286077
0.0254371 0.47603
0.927367 0.00798011
0.52631 0.415707
0.123074 0.209338
0.0748388 0.71364
0.157186 0.0505891
0.519454 0.426709
0.0666728 0.247766
0.491285 0.441411
0.603867 0.839388
0.807409 0.174864
0.475632 0.863753
0.20482 0.276292
0.515642 0.249762
0.368065 0.508204
0.191929 0.0512168
0.857997 0.0556795
0.634851 0.796494
0.43244 0.593246
0.929023 0.979606
0.000878856 0.161019
0.0931377 0.255205
0.318036 0.0599016
0.443294 0.271941
0.522936 0.0230164
0.717102 0.10435
0.143879 0.521366
0.715045 0.9679
0.826066 0.944836
0.829579 0.39201
0.168829 0.403471
0.149874 0.558363
0.132878 0.928843
0.788066 0.609187
0.708442 0.0124802
0.385795 0.564112
0.0788214 0.412984
0.823587 0.912309
0.728998 0.994905
0.00292566 0.206513
0.394076 0.438425
0.406894 0.744916
0.582403 0.605552
0.927695 0.306065
0.286372 0.944336
0.74473 0.53168
0.930858 0.985132
0.248182 0.851327
0.568618 0.155936
0.93276 0.610043
0.387317 0.935314
0.985057 0.708802
0.149591 0.623344
0.808145 0.0951994
0.0656218 0.194191
0.285645 0.313588
0.704119 0.490177
0.487124 0.175256
0.0841583 0.759351
0.686925 0.262086
0.655881 0.918494
0.451208 0.909354
0.770003 0.639313
0.205445 0.40988
