-0.0374001
-0.166153
0.123891
0.386672
-0.0569268
0.00677839
0.0302217
0.234029
-0.554942
-0.29272
0.262647
-0.295051
-0.0163845
-0.0248549
0.319214
-0.400218
0.191367
-0.173484
-0.561154
0.411169
0.10866
0.118998
0.0424107
-0.769901
0.337274
-0.363709
-0.660417
0.060026
-0.215314
0.380028
-0.441584
-0.77395
-0.360622
-0.202564
-0.282776
-0.603144
0.834364
0.325078
-0.382597
-0.0304832
-0.416822
-0.515265
0.124579
-0.371674
-0.671199
0.497773
0.0791907
-0.493728
-0.0104646
0.219013
-0.290456
0.0745286
-0.318015
-0.527149
0.420992
-0.241999
-0.840774
0.0684076
-0.144594
0.696809
-0.689944
-0.021444
0.217625
0.167973
0.0652727
0.175017
-0.0882636
-0.252177
-0.0921979
-0.578014
0.127493
-0.217905
-0.149301
-0.475065
0.602293
-0.029219
-0.271651
0.33022
-0.0913926
-0.927214
0.385845
0.0506885
0.514411
-0.852268
0.0189366
0.0611695
0.109465
-0.072579
0.338809
0.781315
-0.109146
-0.150801
-0.108221
0.367178
-0.206117
-0.725027
-0.199395
-0.220775
-0.00503874
-0.29819
0.26796
-0.000926173
0.399518
-0.104995
-0.229634
-0.437551
-0.00244975
-0.507577
0.249418
-0.307687
-0.119492
0.109743
-0.110175
-0.281014
-0.177046
-0.456125
0.126204
-0.211534
0.117451
0.713026
0.499384
-0.0101605
-0.714216
-0.257611
-0.595223
0.422279
0.24437
-0.4642
0.362981
-0.464432
0.243061
-0.355033
0.274627
0.0230789
-0.281184
0.97047
-0.581163
0.065907
0.00738684
-0.270594
-0.11513
0.601591
-0.385523
-0.139423
0.202742
0.199993
0.218683
0.145403
-0.362174
0.967975
-0.462535
0.774974
0.176464
0.438827
-0.14808
-0.727534
0.116639
0.479254
0.282644
0.367256
-0.00501526
0.508045
-0.122349
0.278738
-0.125933
-0.392548
-0.104385
0.218987
-0.0996389
-0.419251
-0.694123
-0.222034
-0.48395
0.689721
-0.0267366
-0.0307335
0.416899
-0.0716866
0.0546441
-0.264172
0.0733944
-0.421125
-0.233127
-0.609085
0.0857826
-0.0167468
0.88183
-0.193058
0.0187558
0.0484838
-0.547824
-0.27301
-0.0943219
-0.561335
-0.832771
0.742291
-0.0253905
-0.569489
-0.196591
-0.566311
-0.213443
0.00042438
-0.0356197
-0.156165
-0.424063
0.684594
-0.0404834
0.232229
0.800389
0.0467119
0.108194
-0.503524
0.0556692
0.666012
-0.287921
-0.477578
-0.251161
0.0245841
-0.429751
-0.0120403
-0.134436
0.0106494
0.867531
0.893927
-0.345342
0.057614
-0.511053
0.359436
-0.152731
0.0525219
0.714594
-0.0734186
0.371501
0.0773508
0.819099
0.0104855
-0.350332
-0.0995213
0.0169131
-0.316687
0.56789
-0.131737
0.16902
-0.0871346
-0.394545
-0.337217
-0.0167411
0.132178
-0.724231
0.408153
-0.496525
-0.168422
-0.758354
-0.492926
0.0339652
0.268435
-0.315672
0.061887
0.223203
-0.0370994
0.00306988
0.435088
0.377191
-0.633246
-0.162671
0.0231781
-0.170182
0.0569835
0.221018
0.114184
-0.320826
0.103019
0.914133
0.322939
0.467909
0.117161
0.372357
-0.481144
-0.0686011
0.20465
0.00671738
-0.0401182
0.0725945
0.771556
0.0781503
0.668884
0.168108
-0.167211
-0.998752
-0.326025
0.00585939
-0.294005
-0.86286
-0.322805
0.423619
-0.684772
0.162907
0.153523
0.505647
-0.27433
0.0914227
-0.106986
0.128168
-0.419955
-0.0985296
-0.326423
-0.129803
0.0613358
1.09624
0.346043
0.176895
0.0335033
0.235205
-0.709347
0.469957
-0.539787
0.239633
0.476831
0.518798
0.0769753
0.879308
-0.181299
-0.517358
-0.685093
0.0131486
0.292766
0.0537598
-0.192265
0.180087
-0.0790237
0.114528
0.925803
0.311734
-0.0149929
-0.472692
0.986387
-0.0823908
0.0973298
0.320108
0.233278
-0.152876
0.0394663
0.0913374
-0.0943127
0.0528908
-0.46536
0.720976
-0.47342
-0.00966669
0.578279
-0.0427061
0.184863
0.330998
-0.615994
-0.303796
-0.064572
-0.0388492
0.00565025
0.290347
0.471351
0.0247082
0.422657
0.0916423
-0.229379
-0.26592
0.616251
0.265295
0.00886559
-0.0431402
-0.455957
0.206458
-0.218206
0.0502458
-0.417486
0.03925
-0.0714412
0.2422
-0.344093
-0.39936
0.843224
0.0803681
0.0306315
-0.116296
-0.290758
0.466896
-0.702285
-0.154991
-0.968023
-0.0604184
0.491547
-0.112926
0.10856
0.287887
0.546904
-0.0666779
0.863125
-0.255399
-0.288151
-0.690519
0.120643
