 -1.3 -1.3  0.836978
 -1.3 -1.25  0.983318
 -1.3 -1.2  1.11418
 -1.3 -1.15  1.21786
 -1.3 -1.1  1.28512
 -1.3 -1.05  1.30993
 -1.3 -1  1.29009
 -1.3 -0.95  1.22736
 -1.3 -0.9  1.12735
 -1.3 -0.85  0.998989
 -1.3 -0.8  0.853749
 -1.3 -0.75  0.704602
 -1.3 -0.7  0.56487
 -1.3 -0.65  0.447034
 -1.3 -0.6  0.361621
 -1.3 -0.55  0.31626
 -1.3 -0.5  0.315004
 -1.3 -0.45  0.357964
 -1.3 -0.4  0.441303
 -1.3 -0.35  0.557577
 -1.3 -0.3  0.696399
 -1.3 -0.25  0.845369
 -1.3 -0.2  0.991179
 -1.3 -0.15  1.1208
 -1.3 -0.1  1.22267
 -1.3 -0.05  1.28767
 -1.3 5.41234e-16  1.31
 -1.3 0.05  1.28767
 -1.3 0.1  1.22267
 -1.3 0.15  1.1208
 -1.3 0.2  0.991179
 -1.3 0.25  0.845369
 -1.3 0.3  0.696399
 -1.3 0.35  0.557577
 -1.3 0.4  0.441303
 -1.3 0.45  0.357964
 -1.3 0.5  0.315004
 -1.3 0.55  0.31626
 -1.3 0.6  0.361621
 -1.3 0.65  0.447034
 -1.3 0.7  0.56487
 -1.3 0.75  0.704602
 -1.3 0.8  0.853749
 -1.3 0.85  0.998989
 -1.3 0.9  1.12735
 -1.3 0.95  1.22736
 -1.3 1  1.29009
 -1.3 1.05  1.30993
 -1.3 1.1  1.28512
 -1.3 1.15  1.21786
 -1.3 1.2  1.11418
 -1.3 1.25  0.983318

 -1.25 -1.3  0.964478
 -1.25 -1.25  1.11082
 -1.25 -1.2  1.24168
 -1.25 -1.15  1.34536
 -1.25 -1.1  1.41262
 -1.25 -1.05  1.43743
 -1.25 -1  1.41759
 -1.25 -0.95  1.35486
 -1.25 -0.9  1.25485
 -1.25 -0.85  1.12649
 -1.25 -0.8  0.981249
 -1.25 -0.75  0.832102
 -1.25 -0.7  0.69237
 -1.25 -0.65  0.574534
 -1.25 -0.6  0.489121
 -1.25 -0.55  0.44376
 -1.25 -0.5  0.442504
 -1.25 -0.45  0.485464
 -1.25 -0.4  0.568803
 -1.25 -0.35  0.685077
 -1.25 -0.3  0.823899
 -1.25 -0.25  0.972869
 -1.25 -0.2  1.11868
 -1.25 -0.15  1.2483
 -1.25 -0.1  1.35017
 -1.25 -0.05  1.41517
 -1.25 5.41234e-16  1.4375
 -1.25 0.05  1.41517
 -1.25 0.1  1.35017
 -1.25 0.15  1.2483
 -1.25 0.2  1.11868
 -1.25 0.25  0.972869
 -1.25 0.3  0.823899
 -1.25 0.35  0.685077
 -1.25 0.4  0.568803
 -1.25 0.45  0.485464
 -1.25 0.5  0.442504
 -1.25 0.55  0.44376
 -1.25 0.6  0.489121
 -1.25 0.65  0.574534
 -1.25 0.7  0.69237
 -1.25 0.75  0.832102
 -1.25 0.8  0.981249
 -1.25 0.85  1.12649
 -1.25 0.9  1.25485
 -1.25 0.95  1.35486
 -1.25 1  1.41759
 -1.25 1.05  1.43743
 -1.25 1.1  1.41262
 -1.25 1.15  1.34536
 -1.25 1.2  1.24168
 -1.25 1.25  1.11082

 -1.2 -1.3  1.08698
 -1.2 -1.25  1.23332
 -1.2 -1.2  1.36418
 -1.2 -1.15  1.46786
 -1.2 -1.1  1.53512
 -1.2 -1.05  1.55993
 -1.2 -1  1.54009
 -1.2 -0.95  1.47736
 -1.2 -0.9  1.37735
 -1.2 -0.85  1.24899
 -1.2 -0.8  1.10375
 -1.2 -0.75  0.954602
 -1.2 -0.7  0.81487
 -1.2 -0.65  0.697034
 -1.2 -0.6  0.611621
 -1.2 -0.55  0.56626
 -1.2 -0.5  0.565004
 -1.2 -0.45  0.607964
 -1.2 -0.4  0.691303
 -1.2 -0.35  0.807577
 -1.2 -0.3  0.946399
 -1.2 -0.25  1.09537
 -1.2 -0.2  1.24118
 -1.2 -0.15  1.3708
 -1.2 -0.1  1.47267
 -1.2 -0.05  1.53767
 -1.2 5.41234e-16  1.56
 -1.2 0.05  1.53767
 -1.2 0.1  1.47267
 -1.2 0.15  1.3708
 -1.2 0.2  1.24118
 -1.2 0.25  1.09537
 -1.2 0.3  0.946399
 -1.2 0.35  0.807577
 -1.2 0.4  0.691303
 -1.2 0.45  0.607964
 -1.2 0.5  0.565004
 -1.2 0.55  0.56626
 -1.2 0.6  0.611621
 -1.2 0.65  0.697034
 -1.2 0.7  0.81487
 -1.2 0.75  0.954602
 -1.2 0.8  1.10375
 -1.2 0.85  1.24899
 -1.2 0.9  1.37735
 -1.2 0.95  1.47736
 -1.2 1  1.54009
 -1.2 1.05  1.55993
 -1.2 1.1  1.53512
 -1.2 1.15  1.46786
 -1.2 1.2  1.36418
 -1.2 1.25  1.23332

 -1.15 -1.3  1.20448
 -1.15 -1.25  1.35082
 -1.15 -1.2  1.48168
 -1.15 -1.15  1.58536
 -1.15 -1.1  1.65262
 -1.15 -1.05  1.67743
 -1.15 -1  1.65759
 -1.15 -0.95  1.59486
 -1.15 -0.9  1.49485
 -1.15 -0.85  1.36649
 -1.15 -0.8  1.22125
 -1.15 -0.75  1.0721
 -1.15 -0.7  0.93237
 -1.15 -0.65  0.814534
 -1.15 -0.6  0.729121
 -1.15 -0.55  0.68376
 -1.15 -0.5  0.682504
 -1.15 -0.45  0.725464
 -1.15 -0.4  0.808803
 -1.15 -0.35  0.925077
 -1.15 -0.3  1.0639
 -1.15 -0.25  1.21287
 -1.15 -0.2  1.35868
 -1.15 -0.15  1.4883
 -1.15 -0.1  1.59017
 -1.15 -0.05  1.65517
 -1.15 5.41234e-16  1.6775
 -1.15 0.05  1.65517
 -1.15 0.1  1.59017
 -1.15 0.15  1.4883
 -1.15 0.2  1.35868
 -1.15 0.25  1.21287
 -1.15 0.3  1.0639
 -1.15 0.35  0.925077
 -1.15 0.4  0.808803
 -1.15 0.45  0.725464
 -1.15 0.5  0.682504
 -1.15 0.55  0.68376
 -1.15 0.6  0.729121
 -1.15 0.65  0.814534
 -1.15 0.7  0.93237
 -1.15 0.75  1.0721
 -1.15 0.8  1.22125
 -1.15 0.85  1.36649
 -1.15 0.9  1.49485
 -1.15 0.95  1.59486
 -1.15 1  1.65759
 -1.15 1.05  1.67743
 -1.15 1.1  1.65262
 -1.15 1.15  1.58536
 -1.15 1.2  1.48168
 -1.15 1.25  1.35082

 -1.1 -1.3  1.31698
 -1.1 -1.25  1.46332
 -1.1 -1.2  1.59418
 -1.1 -1.15  1.69786
 -1.1 -1.1  1.76512
 -1.1 -1.05  1.78993
 -1.1 -1  1.77009
 -1.1 -0.95  1.70736
 -1.1 -0.9  1.60735
 -1.1 -0.85  1.47899
 -1.1 -0.8  1.33375
 -1.1 -0.75  1.1846
 -1.1 -0.7  1.04487
 -1.1 -0.65  0.927034
 -1.1 -0.6  0.841621
 -1.1 -0.55  0.79626
 -1.1 -0.5  0.795004
 -1.1 -0.45  0.837964
 -1.1 -0.4  0.921303
 -1.1 -0.35  1.03758
 -1.1 -0.3  1.1764
 -1.1 -0.25  1.32537
 -1.1 -0.2  1.47118
 -1.1 -0.15  1.6008
 -1.1 -0.1  1.70267
 -1.1 -0.05  1.76767
 -1.1 5.41234e-16  1.79
 -1.1 0.05  1.76767
 -1.1 0.1  1.70267
 -1.1 0.15  1.6008
 -1.1 0.2  1.47118
 -1.1 0.25  1.32537
 -1.1 0.3  1.1764
 -1.1 0.35  1.03758
 -1.1 0.4  0.921303
 -1.1 0.45  0.837964
 -1.1 0.5  0.795004
 -1.1 0.55  0.79626
 -1.1 0.6  0.841621
 -1.1 0.65  0.927034
 -1.1 0.7  1.04487
 -1.1 0.75  1.1846
 -1.1 0.8  1.33375
 -1.1 0.85  1.47899
 -1.1 0.9  1.60735
 -1.1 0.95  1.70736
 -1.1 1  1.77009
 -1.1 1.05  1.78993
 -1.1 1.1  1.76512
 -1.1 1.15  1.69786
 -1.1 1.2  1.59418
 -1.1 1.25  1.46332

 -1.05 -1.3  1.42448
 -1.05 -1.25  1.57082
 -1.05 -1.2  1.70168
 -1.05 -1.15  1.80536
 -1.05 -1.1  1.87262
 -1.05 -1.05  1.89743
 -1.05 -1  1.87759
 -1.05 -0.95  1.81486
 -1.05 -0.9  1.71485
 -1.05 -0.85  1.58649
 -1.05 -0.8  1.44125
 -1.05 -0.75  1.2921
 -1.05 -0.7  1.15237
 -1.05 -0.65  1.03453
 -1.05 -0.6  0.949121
 -1.05 -0.55  0.90376
 -1.05 -0.5  0.902504
 -1.05 -0.45  0.945464
 -1.05 -0.4  1.0288
 -1.05 -0.35  1.14508
 -1.05 -0.3  1.2839
 -1.05 -0.25  1.43287
 -1.05 -0.2  1.57868
 -1.05 -0.15  1.7083
 -1.05 -0.1  1.81017
 -1.05 -0.05  1.87517
 -1.05 5.41234e-16  1.8975
 -1.05 0.05  1.87517
 -1.05 0.1  1.81017
 -1.05 0.15  1.7083
 -1.05 0.2  1.57868
 -1.05 0.25  1.43287
 -1.05 0.3  1.2839
 -1.05 0.35  1.14508
 -1.05 0.4  1.0288
 -1.05 0.45  0.945464
 -1.05 0.5  0.902504
 -1.05 0.55  0.90376
 -1.05 0.6  0.949121
 -1.05 0.65  1.03453
 -1.05 0.7  1.15237
 -1.05 0.75  1.2921
 -1.05 0.8  1.44125
 -1.05 0.85  1.58649
 -1.05 0.9  1.71485
 -1.05 0.95  1.81486
 -1.05 1  1.87759
 -1.05 1.05  1.89743
 -1.05 1.1  1.87262
 -1.05 1.15  1.80536
 -1.05 1.2  1.70168
 -1.05 1.25  1.57082

 -1 -1.3  1.52698
 -1 -1.25  1.67332
 -1 -1.2  1.80418
 -1 -1.15  1.90786
 -1 -1.1  1.97512
 -1 -1.05  1.99993
 -1 -1  1.98009
 -1 -0.95  1.91736
 -1 -0.9  1.81735
 -1 -0.85  1.68899
 -1 -0.8  1.54375
 -1 -0.75  1.3946
 -1 -0.7  1.25487
 -1 -0.65  1.13703
 -1 -0.6  1.05162
 -1 -0.55  1.00626
 -1 -0.5  1.005
 -1 -0.45  1.04796
 -1 -0.4  1.1313
 -1 -0.35  1.24758
 -1 -0.3  1.3864
 -1 -0.25  1.53537
 -1 -0.2  1.68118
 -1 -0.15  1.8108
 -1 -0.1  1.91267
 -1 -0.05  1.97767
 -1 5.41234e-16  2
 -1 0.05  1.97767
 -1 0.1  1.91267
 -1 0.15  1.8108
 -1 0.2  1.68118
 -1 0.25  1.53537
 -1 0.3  1.3864
 -1 0.35  1.24758
 -1 0.4  1.1313
 -1 0.45  1.04796
 -1 0.5  1.005
 -1 0.55  1.00626
 -1 0.6  1.05162
 -1 0.65  1.13703
 -1 0.7  1.25487
 -1 0.75  1.3946
 -1 0.8  1.54375
 -1 0.85  1.68899
 -1 0.9  1.81735
 -1 0.95  1.91736
 -1 1  1.98009
 -1 1.05  1.99993
 -1 1.1  1.97512
 -1 1.15  1.90786
 -1 1.2  1.80418
 -1 1.25  1.67332

 -0.95 -1.3  1.62448
 -0.95 -1.25  1.77082
 -0.95 -1.2  1.90168
 -0.95 -1.15  2.00536
 -0.95 -1.1  2.07262
 -0.95 -1.05  2.09743
 -0.95 -1  2.07759
 -0.95 -0.95  2.01486
 -0.95 -0.9  1.91485
 -0.95 -0.85  1.78649
 -0.95 -0.8  1.64125
 -0.95 -0.75  1.4921
 -0.95 -0.7  1.35237
 -0.95 -0.65  1.23453
 -0.95 -0.6  1.14912
 -0.95 -0.55  1.10376
 -0.95 -0.5  1.1025
 -0.95 -0.45  1.14546
 -0.95 -0.4  1.2288
 -0.95 -0.35  1.34508
 -0.95 -0.3  1.4839
 -0.95 -0.25  1.63287
 -0.95 -0.2  1.77868
 -0.95 -0.15  1.9083
 -0.95 -0.1  2.01017
 -0.95 -0.05  2.07517
 -0.95 5.41234e-16  2.0975
 -0.95 0.05  2.07517
 -0.95 0.1  2.01017
 -0.95 0.15  1.9083
 -0.95 0.2  1.77868
 -0.95 0.25  1.63287
 -0.95 0.3  1.4839
 -0.95 0.35  1.34508
 -0.95 0.4  1.2288
 -0.95 0.45  1.14546
 -0.95 0.5  1.1025
 -0.95 0.55  1.10376
 -0.95 0.6  1.14912
 -0.95 0.65  1.23453
 -0.95 0.7  1.35237
 -0.95 0.75  1.4921
 -0.95 0.8  1.64125
 -0.95 0.85  1.78649
 -0.95 0.9  1.91485
 -0.95 0.95  2.01486
 -0.95 1  2.07759
 -0.95 1.05  2.09743
 -0.95 1.1  2.07262
 -0.95 1.15  2.00536
 -0.95 1.2  1.90168
 -0.95 1.25  1.77082

 -0.9 -1.3  1.71698
 -0.9 -1.25  1.86332
 -0.9 -1.2  1.99418
 -0.9 -1.15  2.09786
 -0.9 -1.1  2.16512
 -0.9 -1.05  2.18993
 -0.9 -1  2.17009
 -0.9 -0.95  2.10736
 -0.9 -0.9  2.00735
 -0.9 -0.85  1.87899
 -0.9 -0.8  1.73375
 -0.9 -0.75  1.5846
 -0.9 -0.7  1.44487
 -0.9 -0.65  1.32703
 -0.9 -0.6  1.24162
 -0.9 -0.55  1.19626
 -0.9 -0.5  1.195
 -0.9 -0.45  1.23796
 -0.9 -0.4  1.3213
 -0.9 -0.35  1.43758
 -0.9 -0.3  1.5764
 -0.9 -0.25  1.72537
 -0.9 -0.2  1.87118
 -0.9 -0.15  2.0008
 -0.9 -0.1  2.10267
 -0.9 -0.05  2.16767
 -0.9 5.41234e-16  2.19
 -0.9 0.05  2.16767
 -0.9 0.1  2.10267
 -0.9 0.15  2.0008
 -0.9 0.2  1.87118
 -0.9 0.25  1.72537
 -0.9 0.3  1.5764
 -0.9 0.35  1.43758
 -0.9 0.4  1.3213
 -0.9 0.45  1.23796
 -0.9 0.5  1.195
 -0.9 0.55  1.19626
 -0.9 0.6  1.24162
 -0.9 0.65  1.32703
 -0.9 0.7  1.44487
 -0.9 0.75  1.5846
 -0.9 0.8  1.73375
 -0.9 0.85  1.87899
 -0.9 0.9  2.00735
 -0.9 0.95  2.10736
 -0.9 1  2.17009
 -0.9 1.05  2.18993
 -0.9 1.1  2.16512
 -0.9 1.15  2.09786
 -0.9 1.2  1.99418
 -0.9 1.25  1.86332

 -0.85 -1.3  1.80448
 -0.85 -1.25  1.95082
 -0.85 -1.2  2.08168
 -0.85 -1.15  2.18536
 -0.85 -1.1  2.25262
 -0.85 -1.05  2.27743
 -0.85 -1  2.25759
 -0.85 -0.95  2.19486
 -0.85 -0.9  2.09485
 -0.85 -0.85  1.96649
 -0.85 -0.8  1.82125
 -0.85 -0.75  1.6721
 -0.85 -0.7  1.53237
 -0.85 -0.65  1.41453
 -0.85 -0.6  1.32912
 -0.85 -0.55  1.28376
 -0.85 -0.5  1.2825
 -0.85 -0.45  1.32546
 -0.85 -0.4  1.4088
 -0.85 -0.35  1.52508
 -0.85 -0.3  1.6639
 -0.85 -0.25  1.81287
 -0.85 -0.2  1.95868
 -0.85 -0.15  2.0883
 -0.85 -0.1  2.19017
 -0.85 -0.05  2.25517
 -0.85 5.41234e-16  2.2775
 -0.85 0.05  2.25517
 -0.85 0.1  2.19017
 -0.85 0.15  2.0883
 -0.85 0.2  1.95868
 -0.85 0.25  1.81287
 -0.85 0.3  1.6639
 -0.85 0.35  1.52508
 -0.85 0.4  1.4088
 -0.85 0.45  1.32546
 -0.85 0.5  1.2825
 -0.85 0.55  1.28376
 -0.85 0.6  1.32912
 -0.85 0.65  1.41453
 -0.85 0.7  1.53237
 -0.85 0.75  1.6721
 -0.85 0.8  1.82125
 -0.85 0.85  1.96649
 -0.85 0.9  2.09485
 -0.85 0.95  2.19486
 -0.85 1  2.25759
 -0.85 1.05  2.27743
 -0.85 1.1  2.25262
 -0.85 1.15  2.18536
 -0.85 1.2  2.08168
 -0.85 1.25  1.95082

 -0.8 -1.3  1.88698
 -0.8 -1.25  2.03332
 -0.8 -1.2  2.16418
 -0.8 -1.15  2.26786
 -0.8 -1.1  2.33512
 -0.8 -1.05  2.35993
 -0.8 -1  2.34009
 -0.8 -0.95  2.27736
 -0.8 -0.9  2.17735
 -0.8 -0.85  2.04899
 -0.8 -0.8  1.90375
 -0.8 -0.75  1.7546
 -0.8 -0.7  1.61487
 -0.8 -0.65  1.49703
 -0.8 -0.6  1.41162
 -0.8 -0.55  1.36626
 -0.8 -0.5  1.365
 -0.8 -0.45  1.40796
 -0.8 -0.4  1.4913
 -0.8 -0.35  1.60758
 -0.8 -0.3  1.7464
 -0.8 -0.25  1.89537
 -0.8 -0.2  2.04118
 -0.8 -0.15  2.1708
 -0.8 -0.1  2.27267
 -0.8 -0.05  2.33767
 -0.8 5.41234e-16  2.36
 -0.8 0.05  2.33767
 -0.8 0.1  2.27267
 -0.8 0.15  2.1708
 -0.8 0.2  2.04118
 -0.8 0.25  1.89537
 -0.8 0.3  1.7464
 -0.8 0.35  1.60758
 -0.8 0.4  1.4913
 -0.8 0.45  1.40796
 -0.8 0.5  1.365
 -0.8 0.55  1.36626
 -0.8 0.6  1.41162
 -0.8 0.65  1.49703
 -0.8 0.7  1.61487
 -0.8 0.75  1.7546
 -0.8 0.8  1.90375
 -0.8 0.85  2.04899
 -0.8 0.9  2.17735
 -0.8 0.95  2.27736
 -0.8 1  2.34009
 -0.8 1.05  2.35993
 -0.8 1.1  2.33512
 -0.8 1.15  2.26786
 -0.8 1.2  2.16418
 -0.8 1.25  2.03332

 -0.75 -1.3  1.96448
 -0.75 -1.25  2.11082
 -0.75 -1.2  2.24168
 -0.75 -1.15  2.34536
 -0.75 -1.1  2.41262
 -0.75 -1.05  2.43743
 -0.75 -1  2.41759
 -0.75 -0.95  2.35486
 -0.75 -0.9  2.25485
 -0.75 -0.85  2.12649
 -0.75 -0.8  1.98125
 -0.75 -0.75  1.8321
 -0.75 -0.7  1.69237
 -0.75 -0.65  1.57453
 -0.75 -0.6  1.48912
 -0.75 -0.55  1.44376
 -0.75 -0.5  1.4425
 -0.75 -0.45  1.48546
 -0.75 -0.4  1.5688
 -0.75 -0.35  1.68508
 -0.75 -0.3  1.8239
 -0.75 -0.25  1.97287
 -0.75 -0.2  2.11868
 -0.75 -0.15  2.2483
 -0.75 -0.1  2.35017
 -0.75 -0.05  2.41517
 -0.75 5.41234e-16  2.4375
 -0.75 0.05  2.41517
 -0.75 0.1  2.35017
 -0.75 0.15  2.2483
 -0.75 0.2  2.11868
 -0.75 0.25  1.97287
 -0.75 0.3  1.8239
 -0.75 0.35  1.68508
 -0.75 0.4  1.5688
 -0.75 0.45  1.48546
 -0.75 0.5  1.4425
 -0.75 0.55  1.44376
 -0.75 0.6  1.48912
 -0.75 0.65  1.57453
 -0.75 0.7  1.69237
 -0.75 0.75  1.8321
 -0.75 0.8  1.98125
 -0.75 0.85  2.12649
 -0.75 0.9  2.25485
 -0.75 0.95  2.35486
 -0.75 1  2.41759
 -0.75 1.05  2.43743
 -0.75 1.1  2.41262
 -0.75 1.15  2.34536
 -0.75 1.2  2.24168
 -0.75 1.25  2.11082

 -0.7 -1.3  2.03698
 -0.7 -1.25  2.18332
 -0.7 -1.2  2.31418
 -0.7 -1.15  2.41786
 -0.7 -1.1  2.48512
 -0.7 -1.05  2.50993
 -0.7 -1  2.49009
 -0.7 -0.95  2.42736
 -0.7 -0.9  2.32735
 -0.7 -0.85  2.19899
 -0.7 -0.8  2.05375
 -0.7 -0.75  1.9046
 -0.7 -0.7  1.76487
 -0.7 -0.65  1.64703
 -0.7 -0.6  1.56162
 -0.7 -0.55  1.51626
 -0.7 -0.5  1.515
 -0.7 -0.45  1.55796
 -0.7 -0.4  1.6413
 -0.7 -0.35  1.75758
 -0.7 -0.3  1.8964
 -0.7 -0.25  2.04537
 -0.7 -0.2  2.19118
 -0.7 -0.15  2.3208
 -0.7 -0.1  2.42267
 -0.7 -0.05  2.48767
 -0.7 5.41234e-16  2.51
 -0.7 0.05  2.48767
 -0.7 0.1  2.42267
 -0.7 0.15  2.3208
 -0.7 0.2  2.19118
 -0.7 0.25  2.04537
 -0.7 0.3  1.8964
 -0.7 0.35  1.75758
 -0.7 0.4  1.6413
 -0.7 0.45  1.55796
 -0.7 0.5  1.515
 -0.7 0.55  1.51626
 -0.7 0.6  1.56162
 -0.7 0.65  1.64703
 -0.7 0.7  1.76487
 -0.7 0.75  1.9046
 -0.7 0.8  2.05375
 -0.7 0.85  2.19899
 -0.7 0.9  2.32735
 -0.7 0.95  2.42736
 -0.7 1  2.49009
 -0.7 1.05  2.50993
 -0.7 1.1  2.48512
 -0.7 1.15  2.41786
 -0.7 1.2  2.31418
 -0.7 1.25  2.18332

 -0.65 -1.3  2.10448
 -0.65 -1.25  2.25082
 -0.65 -1.2  2.38168
 -0.65 -1.15  2.48536
 -0.65 -1.1  2.55262
 -0.65 -1.05  2.57743
 -0.65 -1  2.55759
 -0.65 -0.95  2.49486
 -0.65 -0.9  2.39485
 -0.65 -0.85  2.26649
 -0.65 -0.8  2.12125
 -0.65 -0.75  1.9721
 -0.65 -0.7  1.83237
 -0.65 -0.65  1.71453
 -0.65 -0.6  1.62912
 -0.65 -0.55  1.58376
 -0.65 -0.5  1.5825
 -0.65 -0.45  1.62546
 -0.65 -0.4  1.7088
 -0.65 -0.35  1.82508
 -0.65 -0.3  1.9639
 -0.65 -0.25  2.11287
 -0.65 -0.2  2.25868
 -0.65 -0.15  2.3883
 -0.65 -0.1  2.49017
 -0.65 -0.05  2.55517
 -0.65 5.41234e-16  2.5775
 -0.65 0.05  2.55517
 -0.65 0.1  2.49017
 -0.65 0.15  2.3883
 -0.65 0.2  2.25868
 -0.65 0.25  2.11287
 -0.65 0.3  1.9639
 -0.65 0.35  1.82508
 -0.65 0.4  1.7088
 -0.65 0.45  1.62546
 -0.65 0.5  1.5825
 -0.65 0.55  1.58376
 -0.65 0.6  1.62912
 -0.65 0.65  1.71453
 -0.65 0.7  1.83237
 -0.65 0.75  1.9721
 -0.65 0.8  2.12125
 -0.65 0.85  2.26649
 -0.65 0.9  2.39485
 -0.65 0.95  2.49486
 -0.65 1  2.55759
 -0.65 1.05  2.57743
 -0.65 1.1  2.55262
 -0.65 1.15  2.48536
 -0.65 1.2  2.38168
 -0.65 1.25  2.25082

 -0.6 -1.3  2.16698
 -0.6 -1.25  2.31332
 -0.6 -1.2  2.44418
 -0.6 -1.15  2.54786
 -0.6 -1.1  2.61512
 -0.6 -1.05  2.63993
 -0.6 -1  2.62009
 -0.6 -0.95  2.55736
 -0.6 -0.9  2.45735
 -0.6 -0.85  2.32899
 -0.6 -0.8  2.18375
 -0.6 -0.75  2.0346
 -0.6 -0.7  1.89487
 -0.6 -0.65  1.77703
 -0.6 -0.6  1.69162
 -0.6 -0.55  1.64626
 -0.6 -0.5  1.645
 -0.6 -0.45  1.68796
 -0.6 -0.4  1.7713
 -0.6 -0.35  1.88758
 -0.6 -0.3  2.0264
 -0.6 -0.25  2.17537
 -0.6 -0.2  2.32118
 -0.6 -0.15  2.4508
 -0.6 -0.1  2.55267
 -0.6 -0.05  2.61767
 -0.6 5.41234e-16  2.64
 -0.6 0.05  2.61767
 -0.6 0.1  2.55267
 -0.6 0.15  2.4508
 -0.6 0.2  2.32118
 -0.6 0.25  2.17537
 -0.6 0.3  2.0264
 -0.6 0.35  1.88758
 -0.6 0.4  1.7713
 -0.6 0.45  1.68796
 -0.6 0.5  1.645
 -0.6 0.55  1.64626
 -0.6 0.6  1.69162
 -0.6 0.65  1.77703
 -0.6 0.7  1.89487
 -0.6 0.75  2.0346
 -0.6 0.8  2.18375
 -0.6 0.85  2.32899
 -0.6 0.9  2.45735
 -0.6 0.95  2.55736
 -0.6 1  2.62009
 -0.6 1.05  2.63993
 -0.6 1.1  2.61512
 -0.6 1.15  2.54786
 -0.6 1.2  2.44418
 -0.6 1.25  2.31332

 -0.55 -1.3  2.22448
 -0.55 -1.25  2.37082
 -0.55 -1.2  2.50168
 -0.55 -1.15  2.60536
 -0.55 -1.1  2.67262
 -0.55 -1.05  2.69743
 -0.55 -1  2.67759
 -0.55 -0.95  2.61486
 -0.55 -0.9  2.51485
 -0.55 -0.85  2.38649
 -0.55 -0.8  2.24125
 -0.55 -0.75  2.0921
 -0.55 -0.7  1.95237
 -0.55 -0.65  1.83453
 -0.55 -0.6  1.74912
 -0.55 -0.55  1.70376
 -0.55 -0.5  1.7025
 -0.55 -0.45  1.74546
 -0.55 -0.4  1.8288
 -0.55 -0.35  1.94508
 -0.55 -0.3  2.0839
 -0.55 -0.25  2.23287
 -0.55 -0.2  2.37868
 -0.55 -0.15  2.5083
 -0.55 -0.1  2.61017
 -0.55 -0.05  2.67517
 -0.55 5.41234e-16  2.6975
 -0.55 0.05  2.67517
 -0.55 0.1  2.61017
 -0.55 0.15  2.5083
 -0.55 0.2  2.37868
 -0.55 0.25  2.23287
 -0.55 0.3  2.0839
 -0.55 0.35  1.94508
 -0.55 0.4  1.8288
 -0.55 0.45  1.74546
 -0.55 0.5  1.7025
 -0.55 0.55  1.70376
 -0.55 0.6  1.74912
 -0.55 0.65  1.83453
 -0.55 0.7  1.95237
 -0.55 0.75  2.0921
 -0.55 0.8  2.24125
 -0.55 0.85  2.38649
 -0.55 0.9  2.51485
 -0.55 0.95  2.61486
 -0.55 1  2.67759
 -0.55 1.05  2.69743
 -0.55 1.1  2.67262
 -0.55 1.15  2.60536
 -0.55 1.2  2.50168
 -0.55 1.25  2.37082

 -0.5 -1.3  2.27698
 -0.5 -1.25  2.42332
 -0.5 -1.2  2.55418
 -0.5 -1.15  2.65786
 -0.5 -1.1  2.72512
 -0.5 -1.05  2.74993
 -0.5 -1  2.73009
 -0.5 -0.95  2.66736
 -0.5 -0.9  2.56735
 -0.5 -0.85  2.43899
 -0.5 -0.8  2.29375
 -0.5 -0.75  2.1446
 -0.5 -0.7  2.00487
 -0.5 -0.65  1.88703
 -0.5 -0.6  1.80162
 -0.5 -0.55  1.75626
 -0.5 -0.5  1.755
 -0.5 -0.45  1.79796
 -0.5 -0.4  1.8813
 -0.5 -0.35  1.99758
 -0.5 -0.3  2.1364
 -0.5 -0.25  2.28537
 -0.5 -0.2  2.43118
 -0.5 -0.15  2.5608
 -0.5 -0.1  2.66267
 -0.5 -0.05  2.72767
 -0.5 5.41234e-16  2.75
 -0.5 0.05  2.72767
 -0.5 0.1  2.66267
 -0.5 0.15  2.5608
 -0.5 0.2  2.43118
 -0.5 0.25  2.28537
 -0.5 0.3  2.1364
 -0.5 0.35  1.99758
 -0.5 0.4  1.8813
 -0.5 0.45  1.79796
 -0.5 0.5  1.755
 -0.5 0.55  1.75626
 -0.5 0.6  1.80162
 -0.5 0.65  1.88703
 -0.5 0.7  2.00487
 -0.5 0.75  2.1446
 -0.5 0.8  2.29375
 -0.5 0.85  2.43899
 -0.5 0.9  2.56735
 -0.5 0.95  2.66736
 -0.5 1  2.73009
 -0.5 1.05  2.74993
 -0.5 1.1  2.72512
 -0.5 1.15  2.65786
 -0.5 1.2  2.55418
 -0.5 1.25  2.42332

 -0.45 -1.3  2.32448
 -0.45 -1.25  2.47082
 -0.45 -1.2  2.60168
 -0.45 -1.15  2.70536
 -0.45 -1.1  2.77262
 -0.45 -1.05  2.79743
 -0.45 -1  2.77759
 -0.45 -0.95  2.71486
 -0.45 -0.9  2.61485
 -0.45 -0.85  2.48649
 -0.45 -0.8  2.34125
 -0.45 -0.75  2.1921
 -0.45 -0.7  2.05237
 -0.45 -0.65  1.93453
 -0.45 -0.6  1.84912
 -0.45 -0.55  1.80376
 -0.45 -0.5  1.8025
 -0.45 -0.45  1.84546
 -0.45 -0.4  1.9288
 -0.45 -0.35  2.04508
 -0.45 -0.3  2.1839
 -0.45 -0.25  2.33287
 -0.45 -0.2  2.47868
 -0.45 -0.15  2.6083
 -0.45 -0.1  2.71017
 -0.45 -0.05  2.77517
 -0.45 5.41234e-16  2.7975
 -0.45 0.05  2.77517
 -0.45 0.1  2.71017
 -0.45 0.15  2.6083
 -0.45 0.2  2.47868
 -0.45 0.25  2.33287
 -0.45 0.3  2.1839
 -0.45 0.35  2.04508
 -0.45 0.4  1.9288
 -0.45 0.45  1.84546
 -0.45 0.5  1.8025
 -0.45 0.55  1.80376
 -0.45 0.6  1.84912
 -0.45 0.65  1.93453
 -0.45 0.7  2.05237
 -0.45 0.75  2.1921
 -0.45 0.8  2.34125
 -0.45 0.85  2.48649
 -0.45 0.9  2.61485
 -0.45 0.95  2.71486
 -0.45 1  2.77759
 -0.45 1.05  2.79743
 -0.45 1.1  2.77262
 -0.45 1.15  2.70536
 -0.45 1.2  2.60168
 -0.45 1.25  2.47082

 -0.4 -1.3  2.36698
 -0.4 -1.25  2.51332
 -0.4 -1.2  2.64418
 -0.4 -1.15  2.74786
 -0.4 -1.1  2.81512
 -0.4 -1.05  2.83993
 -0.4 -1  2.82009
 -0.4 -0.95  2.75736
 -0.4 -0.9  2.65735
 -0.4 -0.85  2.52899
 -0.4 -0.8  2.38375
 -0.4 -0.75  2.2346
 -0.4 -0.7  2.09487
 -0.4 -0.65  1.97703
 -0.4 -0.6  1.89162
 -0.4 -0.55  1.84626
 -0.4 -0.5  1.845
 -0.4 -0.45  1.88796
 -0.4 -0.4  1.9713
 -0.4 -0.35  2.08758
 -0.4 -0.3  2.2264
 -0.4 -0.25  2.37537
 -0.4 -0.2  2.52118
 -0.4 -0.15  2.6508
 -0.4 -0.1  2.75267
 -0.4 -0.05  2.81767
 -0.4 5.41234e-16  2.84
 -0.4 0.05  2.81767
 -0.4 0.1  2.75267
 -0.4 0.15  2.6508
 -0.4 0.2  2.52118
 -0.4 0.25  2.37537
 -0.4 0.3  2.2264
 -0.4 0.35  2.08758
 -0.4 0.4  1.9713
 -0.4 0.45  1.88796
 -0.4 0.5  1.845
 -0.4 0.55  1.84626
 -0.4 0.6  1.89162
 -0.4 0.65  1.97703
 -0.4 0.7  2.09487
 -0.4 0.75  2.2346
 -0.4 0.8  2.38375
 -0.4 0.85  2.52899
 -0.4 0.9  2.65735
 -0.4 0.95  2.75736
 -0.4 1  2.82009
 -0.4 1.05  2.83993
 -0.4 1.1  2.81512
 -0.4 1.15  2.74786
 -0.4 1.2  2.64418
 -0.4 1.25  2.51332

 -0.35 -1.3  2.40448
 -0.35 -1.25  2.55082
 -0.35 -1.2  2.68168
 -0.35 -1.15  2.78536
 -0.35 -1.1  2.85262
 -0.35 -1.05  2.87743
 -0.35 -1  2.85759
 -0.35 -0.95  2.79486
 -0.35 -0.9  2.69485
 -0.35 -0.85  2.56649
 -0.35 -0.8  2.42125
 -0.35 -0.75  2.2721
 -0.35 -0.7  2.13237
 -0.35 -0.65  2.01453
 -0.35 -0.6  1.92912
 -0.35 -0.55  1.88376
 -0.35 -0.5  1.8825
 -0.35 -0.45  1.92546
 -0.35 -0.4  2.0088
 -0.35 -0.35  2.12508
 -0.35 -0.3  2.2639
 -0.35 -0.25  2.41287
 -0.35 -0.2  2.55868
 -0.35 -0.15  2.6883
 -0.35 -0.1  2.79017
 -0.35 -0.05  2.85517
 -0.35 5.41234e-16  2.8775
 -0.35 0.05  2.85517
 -0.35 0.1  2.79017
 -0.35 0.15  2.6883
 -0.35 0.2  2.55868
 -0.35 0.25  2.41287
 -0.35 0.3  2.2639
 -0.35 0.35  2.12508
 -0.35 0.4  2.0088
 -0.35 0.45  1.92546
 -0.35 0.5  1.8825
 -0.35 0.55  1.88376
 -0.35 0.6  1.92912
 -0.35 0.65  2.01453
 -0.35 0.7  2.13237
 -0.35 0.75  2.2721
 -0.35 0.8  2.42125
 -0.35 0.85  2.56649
 -0.35 0.9  2.69485
 -0.35 0.95  2.79486
 -0.35 1  2.85759
 -0.35 1.05  2.87743
 -0.35 1.1  2.85262
 -0.35 1.15  2.78536
 -0.35 1.2  2.68168
 -0.35 1.25  2.55082

 -0.3 -1.3  2.43698
 -0.3 -1.25  2.58332
 -0.3 -1.2  2.71418
 -0.3 -1.15  2.81786
 -0.3 -1.1  2.88512
 -0.3 -1.05  2.90993
 -0.3 -1  2.89009
 -0.3 -0.95  2.82736
 -0.3 -0.9  2.72735
 -0.3 -0.85  2.59899
 -0.3 -0.8  2.45375
 -0.3 -0.75  2.3046
 -0.3 -0.7  2.16487
 -0.3 -0.65  2.04703
 -0.3 -0.6  1.96162
 -0.3 -0.55  1.91626
 -0.3 -0.5  1.915
 -0.3 -0.45  1.95796
 -0.3 -0.4  2.0413
 -0.3 -0.35  2.15758
 -0.3 -0.3  2.2964
 -0.3 -0.25  2.44537
 -0.3 -0.2  2.59118
 -0.3 -0.15  2.7208
 -0.3 -0.1  2.82267
 -0.3 -0.05  2.88767
 -0.3 5.41234e-16  2.91
 -0.3 0.05  2.88767
 -0.3 0.1  2.82267
 -0.3 0.15  2.7208
 -0.3 0.2  2.59118
 -0.3 0.25  2.44537
 -0.3 0.3  2.2964
 -0.3 0.35  2.15758
 -0.3 0.4  2.0413
 -0.3 0.45  1.95796
 -0.3 0.5  1.915
 -0.3 0.55  1.91626
 -0.3 0.6  1.96162
 -0.3 0.65  2.04703
 -0.3 0.7  2.16487
 -0.3 0.75  2.3046
 -0.3 0.8  2.45375
 -0.3 0.85  2.59899
 -0.3 0.9  2.72735
 -0.3 0.95  2.82736
 -0.3 1  2.89009
 -0.3 1.05  2.90993
 -0.3 1.1  2.88512
 -0.3 1.15  2.81786
 -0.3 1.2  2.71418
 -0.3 1.25  2.58332

 -0.25 -1.3  2.46448
 -0.25 -1.25  2.61082
 -0.25 -1.2  2.74168
 -0.25 -1.15  2.84536
 -0.25 -1.1  2.91262
 -0.25 -1.05  2.93743
 -0.25 -1  2.91759
 -0.25 -0.95  2.85486
 -0.25 -0.9  2.75485
 -0.25 -0.85  2.62649
 -0.25 -0.8  2.48125
 -0.25 -0.75  2.3321
 -0.25 -0.7  2.19237
 -0.25 -0.65  2.07453
 -0.25 -0.6  1.98912
 -0.25 -0.55  1.94376
 -0.25 -0.5  1.9425
 -0.25 -0.45  1.98546
 -0.25 -0.4  2.0688
 -0.25 -0.35  2.18508
 -0.25 -0.3  2.3239
 -0.25 -0.25  2.47287
 -0.25 -0.2  2.61868
 -0.25 -0.15  2.7483
 -0.25 -0.1  2.85017
 -0.25 -0.05  2.91517
 -0.25 5.41234e-16  2.9375
 -0.25 0.05  2.91517
 -0.25 0.1  2.85017
 -0.25 0.15  2.7483
 -0.25 0.2  2.61868
 -0.25 0.25  2.47287
 -0.25 0.3  2.3239
 -0.25 0.35  2.18508
 -0.25 0.4  2.0688
 -0.25 0.45  1.98546
 -0.25 0.5  1.9425
 -0.25 0.55  1.94376
 -0.25 0.6  1.98912
 -0.25 0.65  2.07453
 -0.25 0.7  2.19237
 -0.25 0.75  2.3321
 -0.25 0.8  2.48125
 -0.25 0.85  2.62649
 -0.25 0.9  2.75485
 -0.25 0.95  2.85486
 -0.25 1  2.91759
 -0.25 1.05  2.93743
 -0.25 1.1  2.91262
 -0.25 1.15  2.84536
 -0.25 1.2  2.74168
 -0.25 1.25  2.61082

 -0.2 -1.3  2.48698
 -0.2 -1.25  2.63332
 -0.2 -1.2  2.76418
 -0.2 -1.15  2.86786
 -0.2 -1.1  2.93512
 -0.2 -1.05  2.95993
 -0.2 -1  2.94009
 -0.2 -0.95  2.87736
 -0.2 -0.9  2.77735
 -0.2 -0.85  2.64899
 -0.2 -0.8  2.50375
 -0.2 -0.75  2.3546
 -0.2 -0.7  2.21487
 -0.2 -0.65  2.09703
 -0.2 -0.6  2.01162
 -0.2 -0.55  1.96626
 -0.2 -0.5  1.965
 -0.2 -0.45  2.00796
 -0.2 -0.4  2.0913
 -0.2 -0.35  2.20758
 -0.2 -0.3  2.3464
 -0.2 -0.25  2.49537
 -0.2 -0.2  2.64118
 -0.2 -0.15  2.7708
 -0.2 -0.1  2.87267
 -0.2 -0.05  2.93767
 -0.2 5.41234e-16  2.96
 -0.2 0.05  2.93767
 -0.2 0.1  2.87267
 -0.2 0.15  2.7708
 -0.2 0.2  2.64118
 -0.2 0.25  2.49537
 -0.2 0.3  2.3464
 -0.2 0.35  2.20758
 -0.2 0.4  2.0913
 -0.2 0.45  2.00796
 -0.2 0.5  1.965
 -0.2 0.55  1.96626
 -0.2 0.6  2.01162
 -0.2 0.65  2.09703
 -0.2 0.7  2.21487
 -0.2 0.75  2.3546
 -0.2 0.8  2.50375
 -0.2 0.85  2.64899
 -0.2 0.9  2.77735
 -0.2 0.95  2.87736
 -0.2 1  2.94009
 -0.2 1.05  2.95993
 -0.2 1.1  2.93512
 -0.2 1.15  2.86786
 -0.2 1.2  2.76418
 -0.2 1.25  2.63332

 -0.15 -1.3  2.50448
 -0.15 -1.25  2.65082
 -0.15 -1.2  2.78168
 -0.15 -1.15  2.88536
 -0.15 -1.1  2.95262
 -0.15 -1.05  2.97743
 -0.15 -1  2.95759
 -0.15 -0.95  2.89486
 -0.15 -0.9  2.79485
 -0.15 -0.85  2.66649
 -0.15 -0.8  2.52125
 -0.15 -0.75  2.3721
 -0.15 -0.7  2.23237
 -0.15 -0.65  2.11453
 -0.15 -0.6  2.02912
 -0.15 -0.55  1.98376
 -0.15 -0.5  1.9825
 -0.15 -0.45  2.02546
 -0.15 -0.4  2.1088
 -0.15 -0.35  2.22508
 -0.15 -0.3  2.3639
 -0.15 -0.25  2.51287
 -0.15 -0.2  2.65868
 -0.15 -0.15  2.7883
 -0.15 -0.1  2.89017
 -0.15 -0.05  2.95517
 -0.15 5.41234e-16  2.9775
 -0.15 0.05  2.95517
 -0.15 0.1  2.89017
 -0.15 0.15  2.7883
 -0.15 0.2  2.65868
 -0.15 0.25  2.51287
 -0.15 0.3  2.3639
 -0.15 0.35  2.22508
 -0.15 0.4  2.1088
 -0.15 0.45  2.02546
 -0.15 0.5  1.9825
 -0.15 0.55  1.98376
 -0.15 0.6  2.02912
 -0.15 0.65  2.11453
 -0.15 0.7  2.23237
 -0.15 0.75  2.3721
 -0.15 0.8  2.52125
 -0.15 0.85  2.66649
 -0.15 0.9  2.79485
 -0.15 0.95  2.89486
 -0.15 1  2.95759
 -0.15 1.05  2.97743
 -0.15 1.1  2.95262
 -0.15 1.15  2.88536
 -0.15 1.2  2.78168
 -0.15 1.25  2.65082

 -0.1 -1.3  2.51698
 -0.1 -1.25  2.66332
 -0.1 -1.2  2.79418
 -0.1 -1.15  2.89786
 -0.1 -1.1  2.96512
 -0.1 -1.05  2.98993
 -0.1 -1  2.97009
 -0.1 -0.95  2.90736
 -0.1 -0.9  2.80735
 -0.1 -0.85  2.67899
 -0.1 -0.8  2.53375
 -0.1 -0.75  2.3846
 -0.1 -0.7  2.24487
 -0.1 -0.65  2.12703
 -0.1 -0.6  2.04162
 -0.1 -0.55  1.99626
 -0.1 -0.5  1.995
 -0.1 -0.45  2.03796
 -0.1 -0.4  2.1213
 -0.1 -0.35  2.23758
 -0.1 -0.3  2.3764
 -0.1 -0.25  2.52537
 -0.1 -0.2  2.67118
 -0.1 -0.15  2.8008
 -0.1 -0.1  2.90267
 -0.1 -0.05  2.96767
 -0.1 5.41234e-16  2.99
 -0.1 0.05  2.96767
 -0.1 0.1  2.90267
 -0.1 0.15  2.8008
 -0.1 0.2  2.67118
 -0.1 0.25  2.52537
 -0.1 0.3  2.3764
 -0.1 0.35  2.23758
 -0.1 0.4  2.1213
 -0.1 0.45  2.03796
 -0.1 0.5  1.995
 -0.1 0.55  1.99626
 -0.1 0.6  2.04162
 -0.1 0.65  2.12703
 -0.1 0.7  2.24487
 -0.1 0.75  2.3846
 -0.1 0.8  2.53375
 -0.1 0.85  2.67899
 -0.1 0.9  2.80735
 -0.1 0.95  2.90736
 -0.1 1  2.97009
 -0.1 1.05  2.98993
 -0.1 1.1  2.96512
 -0.1 1.15  2.89786
 -0.1 1.2  2.79418
 -0.1 1.25  2.66332

 -0.05 -1.3  2.52448
 -0.05 -1.25  2.67082
 -0.05 -1.2  2.80168
 -0.05 -1.15  2.90536
 -0.05 -1.1  2.97262
 -0.05 -1.05  2.99743
 -0.05 -1  2.97759
 -0.05 -0.95  2.91486
 -0.05 -0.9  2.81485
 -0.05 -0.85  2.68649
 -0.05 -0.8  2.54125
 -0.05 -0.75  2.3921
 -0.05 -0.7  2.25237
 -0.05 -0.65  2.13453
 -0.05 -0.6  2.04912
 -0.05 -0.55  2.00376
 -0.05 -0.5  2.0025
 -0.05 -0.45  2.04546
 -0.05 -0.4  2.1288
 -0.05 -0.35  2.24508
 -0.05 -0.3  2.3839
 -0.05 -0.25  2.53287
 -0.05 -0.2  2.67868
 -0.05 -0.15  2.8083
 -0.05 -0.1  2.91017
 -0.05 -0.05  2.97517
 -0.05 5.41234e-16  2.9975
 -0.05 0.05  2.97517
 -0.05 0.1  2.91017
 -0.05 0.15  2.8083
 -0.05 0.2  2.67868
 -0.05 0.25  2.53287
 -0.05 0.3  2.3839
 -0.05 0.35  2.24508
 -0.05 0.4  2.1288
 -0.05 0.45  2.04546
 -0.05 0.5  2.0025
 -0.05 0.55  2.00376
 -0.05 0.6  2.04912
 -0.05 0.65  2.13453
 -0.05 0.7  2.25237
 -0.05 0.75  2.3921
 -0.05 0.8  2.54125
 -0.05 0.85  2.68649
 -0.05 0.9  2.81485
 -0.05 0.95  2.91486
 -0.05 1  2.97759
 -0.05 1.05  2.99743
 -0.05 1.1  2.97262
 -0.05 1.15  2.90536
 -0.05 1.2  2.80168
 -0.05 1.25  2.67082

 5.41234e-16 -1.3  2.52698
 5.41234e-16 -1.25  2.67332
 5.41234e-16 -1.2  2.80418
 5.41234e-16 -1.15  2.90786
 5.41234e-16 -1.1  2.97512
 5.41234e-16 -1.05  2.99993
 5.41234e-16 -1  2.98009
 5.41234e-16 -0.95  2.91736
 5.41234e-16 -0.9  2.81735
 5.41234e-16 -0.85  2.68899
 5.41234e-16 -0.8  2.54375
 5.41234e-16 -0.75  2.3946
 5.41234e-16 -0.7  2.25487
 5.41234e-16 -0.65  2.13703
 5.41234e-16 -0.6  2.05162
 5.41234e-16 -0.55  2.00626
 5.41234e-16 -0.5  2.005
 5.41234e-16 -0.45  2.04796
 5.41234e-16 -0.4  2.1313
 5.41234e-16 -0.35  2.24758
 5.41234e-16 -0.3  2.3864
 5.41234e-16 -0.25  2.53537
 5.41234e-16 -0.2  2.68118
 5.41234e-16 -0.15  2.8108
 5.41234e-16 -0.1  2.91267
 5.41234e-16 -0.05  2.97767
 5.41234e-16 5.41234e-16  3
 5.41234e-16 0.05  2.97767
 5.41234e-16 0.1  2.91267
 5.41234e-16 0.15  2.8108
 5.41234e-16 0.2  2.68118
 5.41234e-16 0.25  2.53537
 5.41234e-16 0.3  2.3864
 5.41234e-16 0.35  2.24758
 5.41234e-16 0.4  2.1313
 5.41234e-16 0.45  2.04796
 5.41234e-16 0.5  2.005
 5.41234e-16 0.55  2.00626
 5.41234e-16 0.6  2.05162
 5.41234e-16 0.65  2.13703
 5.41234e-16 0.7  2.25487
 5.41234e-16 0.75  2.3946
 5.41234e-16 0.8  2.54375
 5.41234e-16 0.85  2.68899
 5.41234e-16 0.9  2.81735
 5.41234e-16 0.95  2.91736
 5.41234e-16 1  2.98009
 5.41234e-16 1.05  2.99993
 5.41234e-16 1.1  2.97512
 5.41234e-16 1.15  2.90786
 5.41234e-16 1.2  2.80418
 5.41234e-16 1.25  2.67332

 0.05 -1.3  2.52448
 0.05 -1.25  2.67082
 0.05 -1.2  2.80168
 0.05 -1.15  2.90536
 0.05 -1.1  2.97262
 0.05 -1.05  2.99743
 0.05 -1  2.97759
 0.05 -0.95  2.91486
 0.05 -0.9  2.81485
 0.05 -0.85  2.68649
 0.05 -0.8  2.54125
 0.05 -0.75  2.3921
 0.05 -0.7  2.25237
 0.05 -0.65  2.13453
 0.05 -0.6  2.04912
 0.05 -0.55  2.00376
 0.05 -0.5  2.0025
 0.05 -0.45  2.04546
 0.05 -0.4  2.1288
 0.05 -0.35  2.24508
 0.05 -0.3  2.3839
 0.05 -0.25  2.53287
 0.05 -0.2  2.67868
 0.05 -0.15  2.8083
 0.05 -0.1  2.91017
 0.05 -0.05  2.97517
 0.05 5.41234e-16  2.9975
 0.05 0.05  2.97517
 0.05 0.1  2.91017
 0.05 0.15  2.8083
 0.05 0.2  2.67868
 0.05 0.25  2.53287
 0.05 0.3  2.3839
 0.05 0.35  2.24508
 0.05 0.4  2.1288
 0.05 0.45  2.04546
 0.05 0.5  2.0025
 0.05 0.55  2.00376
 0.05 0.6  2.04912
 0.05 0.65  2.13453
 0.05 0.7  2.25237
 0.05 0.75  2.3921
 0.05 0.8  2.54125
 0.05 0.85  2.68649
 0.05 0.9  2.81485
 0.05 0.95  2.91486
 0.05 1  2.97759
 0.05 1.05  2.99743
 0.05 1.1  2.97262
 0.05 1.15  2.90536
 0.05 1.2  2.80168
 0.05 1.25  2.67082

 0.1 -1.3  2.51698
 0.1 -1.25  2.66332
 0.1 -1.2  2.79418
 0.1 -1.15  2.89786
 0.1 -1.1  2.96512
 0.1 -1.05  2.98993
 0.1 -1  2.97009
 0.1 -0.95  2.90736
 0.1 -0.9  2.80735
 0.1 -0.85  2.67899
 0.1 -0.8  2.53375
 0.1 -0.75  2.3846
 0.1 -0.7  2.24487
 0.1 -0.65  2.12703
 0.1 -0.6  2.04162
 0.1 -0.55  1.99626
 0.1 -0.5  1.995
 0.1 -0.45  2.03796
 0.1 -0.4  2.1213
 0.1 -0.35  2.23758
 0.1 -0.3  2.3764
 0.1 -0.25  2.52537
 0.1 -0.2  2.67118
 0.1 -0.15  2.8008
 0.1 -0.1  2.90267
 0.1 -0.05  2.96767
 0.1 5.41234e-16  2.99
 0.1 0.05  2.96767
 0.1 0.1  2.90267
 0.1 0.15  2.8008
 0.1 0.2  2.67118
 0.1 0.25  2.52537
 0.1 0.3  2.3764
 0.1 0.35  2.23758
 0.1 0.4  2.1213
 0.1 0.45  2.03796
 0.1 0.5  1.995
 0.1 0.55  1.99626
 0.1 0.6  2.04162
 0.1 0.65  2.12703
 0.1 0.7  2.24487
 0.1 0.75  2.3846
 0.1 0.8  2.53375
 0.1 0.85  2.67899
 0.1 0.9  2.80735
 0.1 0.95  2.90736
 0.1 1  2.97009
 0.1 1.05  2.98993
 0.1 1.1  2.96512
 0.1 1.15  2.89786
 0.1 1.2  2.79418
 0.1 1.25  2.66332

 0.15 -1.3  2.50448
 0.15 -1.25  2.65082
 0.15 -1.2  2.78168
 0.15 -1.15  2.88536
 0.15 -1.1  2.95262
 0.15 -1.05  2.97743
 0.15 -1  2.95759
 0.15 -0.95  2.89486
 0.15 -0.9  2.79485
 0.15 -0.85  2.66649
 0.15 -0.8  2.52125
 0.15 -0.75  2.3721
 0.15 -0.7  2.23237
 0.15 -0.65  2.11453
 0.15 -0.6  2.02912
 0.15 -0.55  1.98376
 0.15 -0.5  1.9825
 0.15 -0.45  2.02546
 0.15 -0.4  2.1088
 0.15 -0.35  2.22508
 0.15 -0.3  2.3639
 0.15 -0.25  2.51287
 0.15 -0.2  2.65868
 0.15 -0.15  2.7883
 0.15 -0.1  2.89017
 0.15 -0.05  2.95517
 0.15 5.41234e-16  2.9775
 0.15 0.05  2.95517
 0.15 0.1  2.89017
 0.15 0.15  2.7883
 0.15 0.2  2.65868
 0.15 0.25  2.51287
 0.15 0.3  2.3639
 0.15 0.35  2.22508
 0.15 0.4  2.1088
 0.15 0.45  2.02546
 0.15 0.5  1.9825
 0.15 0.55  1.98376
 0.15 0.6  2.02912
 0.15 0.65  2.11453
 0.15 0.7  2.23237
 0.15 0.75  2.3721
 0.15 0.8  2.52125
 0.15 0.85  2.66649
 0.15 0.9  2.79485
 0.15 0.95  2.89486
 0.15 1  2.95759
 0.15 1.05  2.97743
 0.15 1.1  2.95262
 0.15 1.15  2.88536
 0.15 1.2  2.78168
 0.15 1.25  2.65082

 0.2 -1.3  2.48698
 0.2 -1.25  2.63332
 0.2 -1.2  2.76418
 0.2 -1.15  2.86786
 0.2 -1.1  2.93512
 0.2 -1.05  2.95993
 0.2 -1  2.94009
 0.2 -0.95  2.87736
 0.2 -0.9  2.77735
 0.2 -0.85  2.64899
 0.2 -0.8  2.50375
 0.2 -0.75  2.3546
 0.2 -0.7  2.21487
 0.2 -0.65  2.09703
 0.2 -0.6  2.01162
 0.2 -0.55  1.96626
 0.2 -0.5  1.965
 0.2 -0.45  2.00796
 0.2 -0.4  2.0913
 0.2 -0.35  2.20758
 0.2 -0.3  2.3464
 0.2 -0.25  2.49537
 0.2 -0.2  2.64118
 0.2 -0.15  2.7708
 0.2 -0.1  2.87267
 0.2 -0.05  2.93767
 0.2 5.41234e-16  2.96
 0.2 0.05  2.93767
 0.2 0.1  2.87267
 0.2 0.15  2.7708
 0.2 0.2  2.64118
 0.2 0.25  2.49537
 0.2 0.3  2.3464
 0.2 0.35  2.20758
 0.2 0.4  2.0913
 0.2 0.45  2.00796
 0.2 0.5  1.965
 0.2 0.55  1.96626
 0.2 0.6  2.01162
 0.2 0.65  2.09703
 0.2 0.7  2.21487
 0.2 0.75  2.3546
 0.2 0.8  2.50375
 0.2 0.85  2.64899
 0.2 0.9  2.77735
 0.2 0.95  2.87736
 0.2 1  2.94009
 0.2 1.05  2.95993
 0.2 1.1  2.93512
 0.2 1.15  2.86786
 0.2 1.2  2.76418
 0.2 1.25  2.63332

 0.25 -1.3  2.46448
 0.25 -1.25  2.61082
 0.25 -1.2  2.74168
 0.25 -1.15  2.84536
 0.25 -1.1  2.91262
 0.25 -1.05  2.93743
 0.25 -1  2.91759
 0.25 -0.95  2.85486
 0.25 -0.9  2.75485
 0.25 -0.85  2.62649
 0.25 -0.8  2.48125
 0.25 -0.75  2.3321
 0.25 -0.7  2.19237
 0.25 -0.65  2.07453
 0.25 -0.6  1.98912
 0.25 -0.55  1.94376
 0.25 -0.5  1.9425
 0.25 -0.45  1.98546
 0.25 -0.4  2.0688
 0.25 -0.35  2.18508
 0.25 -0.3  2.3239
 0.25 -0.25  2.47287
 0.25 -0.2  2.61868
 0.25 -0.15  2.7483
 0.25 -0.1  2.85017
 0.25 -0.05  2.91517
 0.25 5.41234e-16  2.9375
 0.25 0.05  2.91517
 0.25 0.1  2.85017
 0.25 0.15  2.7483
 0.25 0.2  2.61868
 0.25 0.25  2.47287
 0.25 0.3  2.3239
 0.25 0.35  2.18508
 0.25 0.4  2.0688
 0.25 0.45  1.98546
 0.25 0.5  1.9425
 0.25 0.55  1.94376
 0.25 0.6  1.98912
 0.25 0.65  2.07453
 0.25 0.7  2.19237
 0.25 0.75  2.3321
 0.25 0.8  2.48125
 0.25 0.85  2.62649
 0.25 0.9  2.75485
 0.25 0.95  2.85486
 0.25 1  2.91759
 0.25 1.05  2.93743
 0.25 1.1  2.91262
 0.25 1.15  2.84536
 0.25 1.2  2.74168
 0.25 1.25  2.61082

 0.3 -1.3  2.43698
 0.3 -1.25  2.58332
 0.3 -1.2  2.71418
 0.3 -1.15  2.81786
 0.3 -1.1  2.88512
 0.3 -1.05  2.90993
 0.3 -1  2.89009
 0.3 -0.95  2.82736
 0.3 -0.9  2.72735
 0.3 -0.85  2.59899
 0.3 -0.8  2.45375
 0.3 -0.75  2.3046
 0.3 -0.7  2.16487
 0.3 -0.65  2.04703
 0.3 -0.6  1.96162
 0.3 -0.55  1.91626
 0.3 -0.5  1.915
 0.3 -0.45  1.95796
 0.3 -0.4  2.0413
 0.3 -0.35  2.15758
 0.3 -0.3  2.2964
 0.3 -0.25  2.44537
 0.3 -0.2  2.59118
 0.3 -0.15  2.7208
 0.3 -0.1  2.82267
 0.3 -0.05  2.88767
 0.3 5.41234e-16  2.91
 0.3 0.05  2.88767
 0.3 0.1  2.82267
 0.3 0.15  2.7208
 0.3 0.2  2.59118
 0.3 0.25  2.44537
 0.3 0.3  2.2964
 0.3 0.35  2.15758
 0.3 0.4  2.0413
 0.3 0.45  1.95796
 0.3 0.5  1.915
 0.3 0.55  1.91626
 0.3 0.6  1.96162
 0.3 0.65  2.04703
 0.3 0.7  2.16487
 0.3 0.75  2.3046
 0.3 0.8  2.45375
 0.3 0.85  2.59899
 0.3 0.9  2.72735
 0.3 0.95  2.82736
 0.3 1  2.89009
 0.3 1.05  2.90993
 0.3 1.1  2.88512
 0.3 1.15  2.81786
 0.3 1.2  2.71418
 0.3 1.25  2.58332

 0.35 -1.3  2.40448
 0.35 -1.25  2.55082
 0.35 -1.2  2.68168
 0.35 -1.15  2.78536
 0.35 -1.1  2.85262
 0.35 -1.05  2.87743
 0.35 -1  2.85759
 0.35 -0.95  2.79486
 0.35 -0.9  2.69485
 0.35 -0.85  2.56649
 0.35 -0.8  2.42125
 0.35 -0.75  2.2721
 0.35 -0.7  2.13237
 0.35 -0.65  2.01453
 0.35 -0.6  1.92912
 0.35 -0.55  1.88376
 0.35 -0.5  1.8825
 0.35 -0.45  1.92546
 0.35 -0.4  2.0088
 0.35 -0.35  2.12508
 0.35 -0.3  2.2639
 0.35 -0.25  2.41287
 0.35 -0.2  2.55868
 0.35 -0.15  2.6883
 0.35 -0.1  2.79017
 0.35 -0.05  2.85517
 0.35 5.41234e-16  2.8775
 0.35 0.05  2.85517
 0.35 0.1  2.79017
 0.35 0.15  2.6883
 0.35 0.2  2.55868
 0.35 0.25  2.41287
 0.35 0.3  2.2639
 0.35 0.35  2.12508
 0.35 0.4  2.0088
 0.35 0.45  1.92546
 0.35 0.5  1.8825
 0.35 0.55  1.88376
 0.35 0.6  1.92912
 0.35 0.65  2.01453
 0.35 0.7  2.13237
 0.35 0.75  2.2721
 0.35 0.8  2.42125
 0.35 0.85  2.56649
 0.35 0.9  2.69485
 0.35 0.95  2.79486
 0.35 1  2.85759
 0.35 1.05  2.87743
 0.35 1.1  2.85262
 0.35 1.15  2.78536
 0.35 1.2  2.68168
 0.35 1.25  2.55082

 0.4 -1.3  2.36698
 0.4 -1.25  2.51332
 0.4 -1.2  2.64418
 0.4 -1.15  2.74786
 0.4 -1.1  2.81512
 0.4 -1.05  2.83993
 0.4 -1  2.82009
 0.4 -0.95  2.75736
 0.4 -0.9  2.65735
 0.4 -0.85  2.52899
 0.4 -0.8  2.38375
 0.4 -0.75  2.2346
 0.4 -0.7  2.09487
 0.4 -0.65  1.97703
 0.4 -0.6  1.89162
 0.4 -0.55  1.84626
 0.4 -0.5  1.845
 0.4 -0.45  1.88796
 0.4 -0.4  1.9713
 0.4 -0.35  2.08758
 0.4 -0.3  2.2264
 0.4 -0.25  2.37537
 0.4 -0.2  2.52118
 0.4 -0.15  2.6508
 0.4 -0.1  2.75267
 0.4 -0.05  2.81767
 0.4 5.41234e-16  2.84
 0.4 0.05  2.81767
 0.4 0.1  2.75267
 0.4 0.15  2.6508
 0.4 0.2  2.52118
 0.4 0.25  2.37537
 0.4 0.3  2.2264
 0.4 0.35  2.08758
 0.4 0.4  1.9713
 0.4 0.45  1.88796
 0.4 0.5  1.845
 0.4 0.55  1.84626
 0.4 0.6  1.89162
 0.4 0.65  1.97703
 0.4 0.7  2.09487
 0.4 0.75  2.2346
 0.4 0.8  2.38375
 0.4 0.85  2.52899
 0.4 0.9  2.65735
 0.4 0.95  2.75736
 0.4 1  2.82009
 0.4 1.05  2.83993
 0.4 1.1  2.81512
 0.4 1.15  2.74786
 0.4 1.2  2.64418
 0.4 1.25  2.51332

 0.45 -1.3  2.32448
 0.45 -1.25  2.47082
 0.45 -1.2  2.60168
 0.45 -1.15  2.70536
 0.45 -1.1  2.77262
 0.45 -1.05  2.79743
 0.45 -1  2.77759
 0.45 -0.95  2.71486
 0.45 -0.9  2.61485
 0.45 -0.85  2.48649
 0.45 -0.8  2.34125
 0.45 -0.75  2.1921
 0.45 -0.7  2.05237
 0.45 -0.65  1.93453
 0.45 -0.6  1.84912
 0.45 -0.55  1.80376
 0.45 -0.5  1.8025
 0.45 -0.45  1.84546
 0.45 -0.4  1.9288
 0.45 -0.35  2.04508
 0.45 -0.3  2.1839
 0.45 -0.25  2.33287
 0.45 -0.2  2.47868
 0.45 -0.15  2.6083
 0.45 -0.1  2.71017
 0.45 -0.05  2.77517
 0.45 5.41234e-16  2.7975
 0.45 0.05  2.77517
 0.45 0.1  2.71017
 0.45 0.15  2.6083
 0.45 0.2  2.47868
 0.45 0.25  2.33287
 0.45 0.3  2.1839
 0.45 0.35  2.04508
 0.45 0.4  1.9288
 0.45 0.45  1.84546
 0.45 0.5  1.8025
 0.45 0.55  1.80376
 0.45 0.6  1.84912
 0.45 0.65  1.93453
 0.45 0.7  2.05237
 0.45 0.75  2.1921
 0.45 0.8  2.34125
 0.45 0.85  2.48649
 0.45 0.9  2.61485
 0.45 0.95  2.71486
 0.45 1  2.77759
 0.45 1.05  2.79743
 0.45 1.1  2.77262
 0.45 1.15  2.70536
 0.45 1.2  2.60168
 0.45 1.25  2.47082

 0.5 -1.3  2.27698
 0.5 -1.25  2.42332
 0.5 -1.2  2.55418
 0.5 -1.15  2.65786
 0.5 -1.1  2.72512
 0.5 -1.05  2.74993
 0.5 -1  2.73009
 0.5 -0.95  2.66736
 0.5 -0.9  2.56735
 0.5 -0.85  2.43899
 0.5 -0.8  2.29375
 0.5 -0.75  2.1446
 0.5 -0.7  2.00487
 0.5 -0.65  1.88703
 0.5 -0.6  1.80162
 0.5 -0.55  1.75626
 0.5 -0.5  1.755
 0.5 -0.45  1.79796
 0.5 -0.4  1.8813
 0.5 -0.35  1.99758
 0.5 -0.3  2.1364
 0.5 -0.25  2.28537
 0.5 -0.2  2.43118
 0.5 -0.15  2.5608
 0.5 -0.1  2.66267
 0.5 -0.05  2.72767
 0.5 5.41234e-16  2.75
 0.5 0.05  2.72767
 0.5 0.1  2.66267
 0.5 0.15  2.5608
 0.5 0.2  2.43118
 0.5 0.25  2.28537
 0.5 0.3  2.1364
 0.5 0.35  1.99758
 0.5 0.4  1.8813
 0.5 0.45  1.79796
 0.5 0.5  1.755
 0.5 0.55  1.75626
 0.5 0.6  1.80162
 0.5 0.65  1.88703
 0.5 0.7  2.00487
 0.5 0.75  2.1446
 0.5 0.8  2.29375
 0.5 0.85  2.43899
 0.5 0.9  2.56735
 0.5 0.95  2.66736
 0.5 1  2.73009
 0.5 1.05  2.74993
 0.5 1.1  2.72512
 0.5 1.15  2.65786
 0.5 1.2  2.55418
 0.5 1.25  2.42332

 0.55 -1.3  2.22448
 0.55 -1.25  2.37082
 0.55 -1.2  2.50168
 0.55 -1.15  2.60536
 0.55 -1.1  2.67262
 0.55 -1.05  2.69743
 0.55 -1  2.67759
 0.55 -0.95  2.61486
 0.55 -0.9  2.51485
 0.55 -0.85  2.38649
 0.55 -0.8  2.24125
 0.55 -0.75  2.0921
 0.55 -0.7  1.95237
 0.55 -0.65  1.83453
 0.55 -0.6  1.74912
 0.55 -0.55  1.70376
 0.55 -0.5  1.7025
 0.55 -0.45  1.74546
 0.55 -0.4  1.8288
 0.55 -0.35  1.94508
 0.55 -0.3  2.0839
 0.55 -0.25  2.23287
 0.55 -0.2  2.37868
 0.55 -0.15  2.5083
 0.55 -0.1  2.61017
 0.55 -0.05  2.67517
 0.55 5.41234e-16  2.6975
 0.55 0.05  2.67517
 0.55 0.1  2.61017
 0.55 0.15  2.5083
 0.55 0.2  2.37868
 0.55 0.25  2.23287
 0.55 0.3  2.0839
 0.55 0.35  1.94508
 0.55 0.4  1.8288
 0.55 0.45  1.74546
 0.55 0.5  1.7025
 0.55 0.55  1.70376
 0.55 0.6  1.74912
 0.55 0.65  1.83453
 0.55 0.7  1.95237
 0.55 0.75  2.0921
 0.55 0.8  2.24125
 0.55 0.85  2.38649
 0.55 0.9  2.51485
 0.55 0.95  2.61486
 0.55 1  2.67759
 0.55 1.05  2.69743
 0.55 1.1  2.67262
 0.55 1.15  2.60536
 0.55 1.2  2.50168
 0.55 1.25  2.37082

 0.6 -1.3  2.16698
 0.6 -1.25  2.31332
 0.6 -1.2  2.44418
 0.6 -1.15  2.54786
 0.6 -1.1  2.61512
 0.6 -1.05  2.63993
 0.6 -1  2.62009
 0.6 -0.95  2.55736
 0.6 -0.9  2.45735
 0.6 -0.85  2.32899
 0.6 -0.8  2.18375
 0.6 -0.75  2.0346
 0.6 -0.7  1.89487
 0.6 -0.65  1.77703
 0.6 -0.6  1.69162
 0.6 -0.55  1.64626
 0.6 -0.5  1.645
 0.6 -0.45  1.68796
 0.6 -0.4  1.7713
 0.6 -0.35  1.88758
 0.6 -0.3  2.0264
 0.6 -0.25  2.17537
 0.6 -0.2  2.32118
 0.6 -0.15  2.4508
 0.6 -0.1  2.55267
 0.6 -0.05  2.61767
 0.6 5.41234e-16  2.64
 0.6 0.05  2.61767
 0.6 0.1  2.55267
 0.6 0.15  2.4508
 0.6 0.2  2.32118
 0.6 0.25  2.17537
 0.6 0.3  2.0264
 0.6 0.35  1.88758
 0.6 0.4  1.7713
 0.6 0.45  1.68796
 0.6 0.5  1.645
 0.6 0.55  1.64626
 0.6 0.6  1.69162
 0.6 0.65  1.77703
 0.6 0.7  1.89487
 0.6 0.75  2.0346
 0.6 0.8  2.18375
 0.6 0.85  2.32899
 0.6 0.9  2.45735
 0.6 0.95  2.55736
 0.6 1  2.62009
 0.6 1.05  2.63993
 0.6 1.1  2.61512
 0.6 1.15  2.54786
 0.6 1.2  2.44418
 0.6 1.25  2.31332

 0.65 -1.3  2.10448
 0.65 -1.25  2.25082
 0.65 -1.2  2.38168
 0.65 -1.15  2.48536
 0.65 -1.1  2.55262
 0.65 -1.05  2.57743
 0.65 -1  2.55759
 0.65 -0.95  2.49486
 0.65 -0.9  2.39485
 0.65 -0.85  2.26649
 0.65 -0.8  2.12125
 0.65 -0.75  1.9721
 0.65 -0.7  1.83237
 0.65 -0.65  1.71453
 0.65 -0.6  1.62912
 0.65 -0.55  1.58376
 0.65 -0.5  1.5825
 0.65 -0.45  1.62546
 0.65 -0.4  1.7088
 0.65 -0.35  1.82508
 0.65 -0.3  1.9639
 0.65 -0.25  2.11287
 0.65 -0.2  2.25868
 0.65 -0.15  2.3883
 0.65 -0.1  2.49017
 0.65 -0.05  2.55517
 0.65 5.41234e-16  2.5775
 0.65 0.05  2.55517
 0.65 0.1  2.49017
 0.65 0.15  2.3883
 0.65 0.2  2.25868
 0.65 0.25  2.11287
 0.65 0.3  1.9639
 0.65 0.35  1.82508
 0.65 0.4  1.7088
 0.65 0.45  1.62546
 0.65 0.5  1.5825
 0.65 0.55  1.58376
 0.65 0.6  1.62912
 0.65 0.65  1.71453
 0.65 0.7  1.83237
 0.65 0.75  1.9721
 0.65 0.8  2.12125
 0.65 0.85  2.26649
 0.65 0.9  2.39485
 0.65 0.95  2.49486
 0.65 1  2.55759
 0.65 1.05  2.57743
 0.65 1.1  2.55262
 0.65 1.15  2.48536
 0.65 1.2  2.38168
 0.65 1.25  2.25082

 0.7 -1.3  2.03698
 0.7 -1.25  2.18332
 0.7 -1.2  2.31418
 0.7 -1.15  2.41786
 0.7 -1.1  2.48512
 0.7 -1.05  2.50993
 0.7 -1  2.49009
 0.7 -0.95  2.42736
 0.7 -0.9  2.32735
 0.7 -0.85  2.19899
 0.7 -0.8  2.05375
 0.7 -0.75  1.9046
 0.7 -0.7  1.76487
 0.7 -0.65  1.64703
 0.7 -0.6  1.56162
 0.7 -0.55  1.51626
 0.7 -0.5  1.515
 0.7 -0.45  1.55796
 0.7 -0.4  1.6413
 0.7 -0.35  1.75758
 0.7 -0.3  1.8964
 0.7 -0.25  2.04537
 0.7 -0.2  2.19118
 0.7 -0.15  2.3208
 0.7 -0.1  2.42267
 0.7 -0.05  2.48767
 0.7 5.41234e-16  2.51
 0.7 0.05  2.48767
 0.7 0.1  2.42267
 0.7 0.15  2.3208
 0.7 0.2  2.19118
 0.7 0.25  2.04537
 0.7 0.3  1.8964
 0.7 0.35  1.75758
 0.7 0.4  1.6413
 0.7 0.45  1.55796
 0.7 0.5  1.515
 0.7 0.55  1.51626
 0.7 0.6  1.56162
 0.7 0.65  1.64703
 0.7 0.7  1.76487
 0.7 0.75  1.9046
 0.7 0.8  2.05375
 0.7 0.85  2.19899
 0.7 0.9  2.32735
 0.7 0.95  2.42736
 0.7 1  2.49009
 0.7 1.05  2.50993
 0.7 1.1  2.48512
 0.7 1.15  2.41786
 0.7 1.2  2.31418
 0.7 1.25  2.18332

 0.75 -1.3  1.96448
 0.75 -1.25  2.11082
 0.75 -1.2  2.24168
 0.75 -1.15  2.34536
 0.75 -1.1  2.41262
 0.75 -1.05  2.43743
 0.75 -1  2.41759
 0.75 -0.95  2.35486
 0.75 -0.9  2.25485
 0.75 -0.85  2.12649
 0.75 -0.8  1.98125
 0.75 -0.75  1.8321
 0.75 -0.7  1.69237
 0.75 -0.65  1.57453
 0.75 -0.6  1.48912
 0.75 -0.55  1.44376
 0.75 -0.5  1.4425
 0.75 -0.45  1.48546
 0.75 -0.4  1.5688
 0.75 -0.35  1.68508
 0.75 -0.3  1.8239
 0.75 -0.25  1.97287
 0.75 -0.2  2.11868
 0.75 -0.15  2.2483
 0.75 -0.1  2.35017
 0.75 -0.05  2.41517
 0.75 5.41234e-16  2.4375
 0.75 0.05  2.41517
 0.75 0.1  2.35017
 0.75 0.15  2.2483
 0.75 0.2  2.11868
 0.75 0.25  1.97287
 0.75 0.3  1.8239
 0.75 0.35  1.68508
 0.75 0.4  1.5688
 0.75 0.45  1.48546
 0.75 0.5  1.4425
 0.75 0.55  1.44376
 0.75 0.6  1.48912
 0.75 0.65  1.57453
 0.75 0.7  1.69237
 0.75 0.75  1.8321
 0.75 0.8  1.98125
 0.75 0.85  2.12649
 0.75 0.9  2.25485
 0.75 0.95  2.35486
 0.75 1  2.41759
 0.75 1.05  2.43743
 0.75 1.1  2.41262
 0.75 1.15  2.34536
 0.75 1.2  2.24168
 0.75 1.25  2.11082

 0.8 -1.3  1.88698
 0.8 -1.25  2.03332
 0.8 -1.2  2.16418
 0.8 -1.15  2.26786
 0.8 -1.1  2.33512
 0.8 -1.05  2.35993
 0.8 -1  2.34009
 0.8 -0.95  2.27736
 0.8 -0.9  2.17735
 0.8 -0.85  2.04899
 0.8 -0.8  1.90375
 0.8 -0.75  1.7546
 0.8 -0.7  1.61487
 0.8 -0.65  1.49703
 0.8 -0.6  1.41162
 0.8 -0.55  1.36626
 0.8 -0.5  1.365
 0.8 -0.45  1.40796
 0.8 -0.4  1.4913
 0.8 -0.35  1.60758
 0.8 -0.3  1.7464
 0.8 -0.25  1.89537
 0.8 -0.2  2.04118
 0.8 -0.15  2.1708
 0.8 -0.1  2.27267
 0.8 -0.05  2.33767
 0.8 5.41234e-16  2.36
 0.8 0.05  2.33767
 0.8 0.1  2.27267
 0.8 0.15  2.1708
 0.8 0.2  2.04118
 0.8 0.25  1.89537
 0.8 0.3  1.7464
 0.8 0.35  1.60758
 0.8 0.4  1.4913
 0.8 0.45  1.40796
 0.8 0.5  1.365
 0.8 0.55  1.36626
 0.8 0.6  1.41162
 0.8 0.65  1.49703
 0.8 0.7  1.61487
 0.8 0.75  1.7546
 0.8 0.8  1.90375
 0.8 0.85  2.04899
 0.8 0.9  2.17735
 0.8 0.95  2.27736
 0.8 1  2.34009
 0.8 1.05  2.35993
 0.8 1.1  2.33512
 0.8 1.15  2.26786
 0.8 1.2  2.16418
 0.8 1.25  2.03332

 0.85 -1.3  1.80448
 0.85 -1.25  1.95082
 0.85 -1.2  2.08168
 0.85 -1.15  2.18536
 0.85 -1.1  2.25262
 0.85 -1.05  2.27743
 0.85 -1  2.25759
 0.85 -0.95  2.19486
 0.85 -0.9  2.09485
 0.85 -0.85  1.96649
 0.85 -0.8  1.82125
 0.85 -0.75  1.6721
 0.85 -0.7  1.53237
 0.85 -0.65  1.41453
 0.85 -0.6  1.32912
 0.85 -0.55  1.28376
 0.85 -0.5  1.2825
 0.85 -0.45  1.32546
 0.85 -0.4  1.4088
 0.85 -0.35  1.52508
 0.85 -0.3  1.6639
 0.85 -0.25  1.81287
 0.85 -0.2  1.95868
 0.85 -0.15  2.0883
 0.85 -0.1  2.19017
 0.85 -0.05  2.25517
 0.85 5.41234e-16  2.2775
 0.85 0.05  2.25517
 0.85 0.1  2.19017
 0.85 0.15  2.0883
 0.85 0.2  1.95868
 0.85 0.25  1.81287
 0.85 0.3  1.6639
 0.85 0.35  1.52508
 0.85 0.4  1.4088
 0.85 0.45  1.32546
 0.85 0.5  1.2825
 0.85 0.55  1.28376
 0.85 0.6  1.32912
 0.85 0.65  1.41453
 0.85 0.7  1.53237
 0.85 0.75  1.6721
 0.85 0.8  1.82125
 0.85 0.85  1.96649
 0.85 0.9  2.09485
 0.85 0.95  2.19486
 0.85 1  2.25759
 0.85 1.05  2.27743
 0.85 1.1  2.25262
 0.85 1.15  2.18536
 0.85 1.2  2.08168
 0.85 1.25  1.95082

 0.9 -1.3  1.71698
 0.9 -1.25  1.86332
 0.9 -1.2  1.99418
 0.9 -1.15  2.09786
 0.9 -1.1  2.16512
 0.9 -1.05  2.18993
 0.9 -1  2.17009
 0.9 -0.95  2.10736
 0.9 -0.9  2.00735
 0.9 -0.85  1.87899
 0.9 -0.8  1.73375
 0.9 -0.75  1.5846
 0.9 -0.7  1.44487
 0.9 -0.65  1.32703
 0.9 -0.6  1.24162
 0.9 -0.55  1.19626
 0.9 -0.5  1.195
 0.9 -0.45  1.23796
 0.9 -0.4  1.3213
 0.9 -0.35  1.43758
 0.9 -0.3  1.5764
 0.9 -0.25  1.72537
 0.9 -0.2  1.87118
 0.9 -0.15  2.0008
 0.9 -0.1  2.10267
 0.9 -0.05  2.16767
 0.9 5.41234e-16  2.19
 0.9 0.05  2.16767
 0.9 0.1  2.10267
 0.9 0.15  2.0008
 0.9 0.2  1.87118
 0.9 0.25  1.72537
 0.9 0.3  1.5764
 0.9 0.35  1.43758
 0.9 0.4  1.3213
 0.9 0.45  1.23796
 0.9 0.5  1.195
 0.9 0.55  1.19626
 0.9 0.6  1.24162
 0.9 0.65  1.32703
 0.9 0.7  1.44487
 0.9 0.75  1.5846
 0.9 0.8  1.73375
 0.9 0.85  1.87899
 0.9 0.9  2.00735
 0.9 0.95  2.10736
 0.9 1  2.17009
 0.9 1.05  2.18993
 0.9 1.1  2.16512
 0.9 1.15  2.09786
 0.9 1.2  1.99418
 0.9 1.25  1.86332

 0.95 -1.3  1.62448
 0.95 -1.25  1.77082
 0.95 -1.2  1.90168
 0.95 -1.15  2.00536
 0.95 -1.1  2.07262
 0.95 -1.05  2.09743
 0.95 -1  2.07759
 0.95 -0.95  2.01486
 0.95 -0.9  1.91485
 0.95 -0.85  1.78649
 0.95 -0.8  1.64125
 0.95 -0.75  1.4921
 0.95 -0.7  1.35237
 0.95 -0.65  1.23453
 0.95 -0.6  1.14912
 0.95 -0.55  1.10376
 0.95 -0.5  1.1025
 0.95 -0.45  1.14546
 0.95 -0.4  1.2288
 0.95 -0.35  1.34508
 0.95 -0.3  1.4839
 0.95 -0.25  1.63287
 0.95 -0.2  1.77868
 0.95 -0.15  1.9083
 0.95 -0.1  2.01017
 0.95 -0.05  2.07517
 0.95 5.41234e-16  2.0975
 0.95 0.05  2.07517
 0.95 0.1  2.01017
 0.95 0.15  1.9083
 0.95 0.2  1.77868
 0.95 0.25  1.63287
 0.95 0.3  1.4839
 0.95 0.35  1.34508
 0.95 0.4  1.2288
 0.95 0.45  1.14546
 0.95 0.5  1.1025
 0.95 0.55  1.10376
 0.95 0.6  1.14912
 0.95 0.65  1.23453
 0.95 0.7  1.35237
 0.95 0.75  1.4921
 0.95 0.8  1.64125
 0.95 0.85  1.78649
 0.95 0.9  1.91485
 0.95 0.95  2.01486
 0.95 1  2.07759
 0.95 1.05  2.09743
 0.95 1.1  2.07262
 0.95 1.15  2.00536
 0.95 1.2  1.90168
 0.95 1.25  1.77082

 1 -1.3  1.52698
 1 -1.25  1.67332
 1 -1.2  1.80418
 1 -1.15  1.90786
 1 -1.1  1.97512
 1 -1.05  1.99993
 1 -1  1.98009
 1 -0.95  1.91736
 1 -0.9  1.81735
 1 -0.85  1.68899
 1 -0.8  1.54375
 1 -0.75  1.3946
 1 -0.7  1.25487
 1 -0.65  1.13703
 1 -0.6  1.05162
 1 -0.55  1.00626
 1 -0.5  1.005
 1 -0.45  1.04796
 1 -0.4  1.1313
 1 -0.35  1.24758
 1 -0.3  1.3864
 1 -0.25  1.53537
 1 -0.2  1.68118
 1 -0.15  1.8108
 1 -0.1  1.91267
 1 -0.05  1.97767
 1 5.41234e-16  2
 1 0.05  1.97767
 1 0.1  1.91267
 1 0.15  1.8108
 1 0.2  1.68118
 1 0.25  1.53537
 1 0.3  1.3864
 1 0.35  1.24758
 1 0.4  1.1313
 1 0.45  1.04796
 1 0.5  1.005
 1 0.55  1.00626
 1 0.6  1.05162
 1 0.65  1.13703
 1 0.7  1.25487
 1 0.75  1.3946
 1 0.8  1.54375
 1 0.85  1.68899
 1 0.9  1.81735
 1 0.95  1.91736
 1 1  1.98009
 1 1.05  1.99993
 1 1.1  1.97512
 1 1.15  1.90786
 1 1.2  1.80418
 1 1.25  1.67332

 1.05 -1.3  1.42448
 1.05 -1.25  1.57082
 1.05 -1.2  1.70168
 1.05 -1.15  1.80536
 1.05 -1.1  1.87262
 1.05 -1.05  1.89743
 1.05 -1  1.87759
 1.05 -0.95  1.81486
 1.05 -0.9  1.71485
 1.05 -0.85  1.58649
 1.05 -0.8  1.44125
 1.05 -0.75  1.2921
 1.05 -0.7  1.15237
 1.05 -0.65  1.03453
 1.05 -0.6  0.949121
 1.05 -0.55  0.90376
 1.05 -0.5  0.902504
 1.05 -0.45  0.945464
 1.05 -0.4  1.0288
 1.05 -0.35  1.14508
 1.05 -0.3  1.2839
 1.05 -0.25  1.43287
 1.05 -0.2  1.57868
 1.05 -0.15  1.7083
 1.05 -0.1  1.81017
 1.05 -0.05  1.87517
 1.05 5.41234e-16  1.8975
 1.05 0.05  1.87517
 1.05 0.1  1.81017
 1.05 0.15  1.7083
 1.05 0.2  1.57868
 1.05 0.25  1.43287
 1.05 0.3  1.2839
 1.05 0.35  1.14508
 1.05 0.4  1.0288
 1.05 0.45  0.945464
 1.05 0.5  0.902504
 1.05 0.55  0.90376
 1.05 0.6  0.949121
 1.05 0.65  1.03453
 1.05 0.7  1.15237
 1.05 0.75  1.2921
 1.05 0.8  1.44125
 1.05 0.85  1.58649
 1.05 0.9  1.71485
 1.05 0.95  1.81486
 1.05 1  1.87759
 1.05 1.05  1.89743
 1.05 1.1  1.87262
 1.05 1.15  1.80536
 1.05 1.2  1.70168
 1.05 1.25  1.57082

 1.1 -1.3  1.31698
 1.1 -1.25  1.46332
 1.1 -1.2  1.59418
 1.1 -1.15  1.69786
 1.1 -1.1  1.76512
 1.1 -1.05  1.78993
 1.1 -1  1.77009
 1.1 -0.95  1.70736
 1.1 -0.9  1.60735
 1.1 -0.85  1.47899
 1.1 -0.8  1.33375
 1.1 -0.75  1.1846
 1.1 -0.7  1.04487
 1.1 -0.65  0.927034
 1.1 -0.6  0.841621
 1.1 -0.55  0.79626
 1.1 -0.5  0.795004
 1.1 -0.45  0.837964
 1.1 -0.4  0.921303
 1.1 -0.35  1.03758
 1.1 -0.3  1.1764
 1.1 -0.25  1.32537
 1.1 -0.2  1.47118
 1.1 -0.15  1.6008
 1.1 -0.1  1.70267
 1.1 -0.05  1.76767
 1.1 5.41234e-16  1.79
 1.1 0.05  1.76767
 1.1 0.1  1.70267
 1.1 0.15  1.6008
 1.1 0.2  1.47118
 1.1 0.25  1.32537
 1.1 0.3  1.1764
 1.1 0.35  1.03758
 1.1 0.4  0.921303
 1.1 0.45  0.837964
 1.1 0.5  0.795004
 1.1 0.55  0.79626
 1.1 0.6  0.841621
 1.1 0.65  0.927034
 1.1 0.7  1.04487
 1.1 0.75  1.1846
 1.1 0.8  1.33375
 1.1 0.85  1.47899
 1.1 0.9  1.60735
 1.1 0.95  1.70736
 1.1 1  1.77009
 1.1 1.05  1.78993
 1.1 1.1  1.76512
 1.1 1.15  1.69786
 1.1 1.2  1.59418
 1.1 1.25  1.46332

 1.15 -1.3  1.20448
 1.15 -1.25  1.35082
 1.15 -1.2  1.48168
 1.15 -1.15  1.58536
 1.15 -1.1  1.65262
 1.15 -1.05  1.67743
 1.15 -1  1.65759
 1.15 -0.95  1.59486
 1.15 -0.9  1.49485
 1.15 -0.85  1.36649
 1.15 -0.8  1.22125
 1.15 -0.75  1.0721
 1.15 -0.7  0.93237
 1.15 -0.65  0.814534
 1.15 -0.6  0.729121
 1.15 -0.55  0.68376
 1.15 -0.5  0.682504
 1.15 -0.45  0.725464
 1.15 -0.4  0.808803
 1.15 -0.35  0.925077
 1.15 -0.3  1.0639
 1.15 -0.25  1.21287
 1.15 -0.2  1.35868
 1.15 -0.15  1.4883
 1.15 -0.1  1.59017
 1.15 -0.05  1.65517
 1.15 5.41234e-16  1.6775
 1.15 0.05  1.65517
 1.15 0.1  1.59017
 1.15 0.15  1.4883
 1.15 0.2  1.35868
 1.15 0.25  1.21287
 1.15 0.3  1.0639
 1.15 0.35  0.925077
 1.15 0.4  0.808803
 1.15 0.45  0.725464
 1.15 0.5  0.682504
 1.15 0.55  0.68376
 1.15 0.6  0.729121
 1.15 0.65  0.814534
 1.15 0.7  0.93237
 1.15 0.75  1.0721
 1.15 0.8  1.22125
 1.15 0.85  1.36649
 1.15 0.9  1.49485
 1.15 0.95  1.59486
 1.15 1  1.65759
 1.15 1.05  1.67743
 1.15 1.1  1.65262
 1.15 1.15  1.58536
 1.15 1.2  1.48168
 1.15 1.25  1.35082

 1.2 -1.3  1.08698
 1.2 -1.25  1.23332
 1.2 -1.2  1.36418
 1.2 -1.15  1.46786
 1.2 -1.1  1.53512
 1.2 -1.05  1.55993
 1.2 -1  1.54009
 1.2 -0.95  1.47736
 1.2 -0.9  1.37735
 1.2 -0.85  1.24899
 1.2 -0.8  1.10375
 1.2 -0.75  0.954602
 1.2 -0.7  0.81487
 1.2 -0.65  0.697034
 1.2 -0.6  0.611621
 1.2 -0.55  0.56626
 1.2 -0.5  0.565004
 1.2 -0.45  0.607964
 1.2 -0.4  0.691303
 1.2 -0.35  0.807577
 1.2 -0.3  0.946399
 1.2 -0.25  1.09537
 1.2 -0.2  1.24118
 1.2 -0.15  1.3708
 1.2 -0.1  1.47267
 1.2 -0.05  1.53767
 1.2 5.41234e-16  1.56
 1.2 0.05  1.53767
 1.2 0.1  1.47267
 1.2 0.15  1.3708
 1.2 0.2  1.24118
 1.2 0.25  1.09537
 1.2 0.3  0.946399
 1.2 0.35  0.807577
 1.2 0.4  0.691303
 1.2 0.45  0.607964
 1.2 0.5  0.565004
 1.2 0.55  0.56626
 1.2 0.6  0.611621
 1.2 0.65  0.697034
 1.2 0.7  0.81487
 1.2 0.75  0.954602
 1.2 0.8  1.10375
 1.2 0.85  1.24899
 1.2 0.9  1.37735
 1.2 0.95  1.47736
 1.2 1  1.54009
 1.2 1.05  1.55993
 1.2 1.1  1.53512
 1.2 1.15  1.46786
 1.2 1.2  1.36418
 1.2 1.25  1.23332

 1.25 -1.3  0.964478
 1.25 -1.25  1.11082
 1.25 -1.2  1.24168
 1.25 -1.15  1.34536
 1.25 -1.1  1.41262
 1.25 -1.05  1.43743
 1.25 -1  1.41759
 1.25 -0.95  1.35486
 1.25 -0.9  1.25485
 1.25 -0.85  1.12649
 1.25 -0.8  0.981249
 1.25 -0.75  0.832102
 1.25 -0.7  0.69237
 1.25 -0.65  0.574534
 1.25 -0.6  0.489121
 1.25 -0.55  0.44376
 1.25 -0.5  0.442504
 1.25 -0.45  0.485464
 1.25 -0.4  0.568803
 1.25 -0.35  0.685077
 1.25 -0.3  0.823899
 1.25 -0.25  0.972869
 1.25 -0.2  1.11868
 1.25 -0.15  1.2483
 1.25 -0.1  1.35017
 1.25 -0.05  1.41517
 1.25 5.41234e-16  1.4375
 1.25 0.05  1.41517
 1.25 0.1  1.35017
 1.25 0.15  1.2483
 1.25 0.2  1.11868
 1.25 0.25  0.972869
 1.25 0.3  0.823899
 1.25 0.35  0.685077
 1.25 0.4  0.568803
 1.25 0.45  0.485464
 1.25 0.5  0.442504
 1.25 0.55  0.44376
 1.25 0.6  0.489121
 1.25 0.65  0.574534
 1.25 0.7  0.69237
 1.25 0.75  0.832102
 1.25 0.8  0.981249
 1.25 0.85  1.12649
 1.25 0.9  1.25485
 1.25 0.95  1.35486
 1.25 1  1.41759
 1.25 1.05  1.43743
 1.25 1.1  1.41262
 1.25 1.15  1.34536
 1.25 1.2  1.24168
 1.25 1.25  1.11082

