0.000000000 2.40138244629 0.049135684967 -0.654922485352 0.0 -0.693496819361 -0.0
0.040403128 2.34944152832 0.156207084656 -0.841278076172 0.0200426734791 -0.729563194568 0.0243627766236
0.050053120 2.39332580566 0.108337402344 -0.813507080078 0.00965771021869 -0.7969340509 -0.0
0.085045100 2.35977935791 0.156207084656 -0.836669921875 0.0201303149817 0.476441591507 -0.0
0.107484103 2.64980888367 0.528929233551 -0.657623291016 0.0417479031634 -0.80023536728 0.0688182861517
0.157100201 2.35290527344 0.455799102783 -0.805206298828 0.0 -0.817639562561 0.0139325106055
0.198545218 2.41004943848 0.176413059235 -0.838745117188 0.0 0.488217182162 -0.0
0.238292218 2.58116340637 0.227518081665 -0.800140380859 0.0 0.495064541105 -0.0
0.278045178 2.32828521729 0.224609375 -0.453308105469 0.0102670339428 -0.759435607481 0.02854684812
0.309104205 2.64266204834 0.371623039246 -0.398834228516 0.0274514752403 0.487188080343 -0.0
0.311327219 2.48056030273 0.415780544281 -0.842834472656 0.0 -0.798527162915 -0.0
0.356901169 2.40955352783 0.159635543823 -0.389602661133 0.0 -0.799754571682 -0.0
0.386271000 2.42807769775 0.499503612518 -0.67138671875 0.0 -0.715272240193 -0.0
0.411984206 2.35671234131 0.236930847168 -0.825439453125 0.0201303149817 -0.738680315098 0.0139325106055
0.457676173 2.36318969727 0.402610301971 -0.887725830078 0.0 -0.821565245558 -0.0
0.494401217 2.35856628418 0.488398075104 -0.412017822266 0.020572138495 -0.789480312721 -0.0
0.531951190 2.56820297241 0.17683506012 -0.780792236328 0.0 0.468675227695 -0.0
0.570685149 2.40078735352 0.176494121552 -0.843872070312 0.0 -0.806150490019 0.0
0.574253083 2.39896392822 0.296263694763 -0.98046875 0.0 -0.809337938764 -0.0
0.621233225 2.28645324707 0.234086513519 -0.430908203125 0.0 0.375738378142 0.0
0.638446093 2.59587669373 0.274758338928 -0.786590576172 0.0201303149817 -0.668611118472 0.0243627766236
0.688686133 2.32804870605 0.156207084656 -0.857879638672 0.0 -0.711830821832 -0.0
0.728971005 2.28643035889 0.0902438163757 -0.448379516602 0.00876220917572 -0.814672773278 -0.0
0.766431094 2.59217643738 0.335657596588 -0.585693359375 0.0464810028227 -0.591618833542 0.053830793144
0.806181193 2.34340667725 0.254619121552 -0.442825317383 0.0 0.498654577578 -0.0
0.847728014 2.39709472656 0.295560359955 -0.615325927734 0.0 0.472031164105 -0.0
0.886559010 2.35594177246 0.156207084656 -0.422698974609 0.0201303149817 -0.588608704886 -0.0
0.927762032 2.57662773132 0.151383876801 -0.739440917969 0.0209632508735 0.485895710134 -0.0
0.972183228 2.39705657959 0.368897914886 -0.7890625 0.00876220917572 0.473641238403 0.0243627766236
1.008550168 2.60150909424 0.22607088089 -0.421203613281 0.0 0.465687562077 -0.0
1.036621094 2.60027313232 0.276963710785 -0.725372314453 0.0 -0.740258839008 -0.0
1.039277077 2.32277679443 0.248086452484 -0.415328979492 0.0175778319515 0.43130262191 -0.0
1.090452195 2.55595970154 0.0 -0.744659423828 0.0 0.488324033523 -0.0
1.104340077 2.56586265564 0.607875585556 -0.474029541016 0.0394445776328 0.626299074669 0.060686773988
1.146102190 2.61075973511 0.110416412354 -0.763793945312 0.0 -0.636823554889 0.0
1.187344075 2.6569480896 0.424470901489 -0.562561035156 0.0 -0.742300862669 -0.0
1.227581025 2.3112487793 0.16993522644 -0.433456420898 0.0216021026011 -0.416227754581 0.0
1.264371157 2.38247680664 0.234549045563 -0.662109375 0.0214444173227 -0.757067141975 -0.0
1.303845168 2.31978607178 0.127232074738 -0.463348388672 0.0 -0.721997338715 -0.0
1.309636117 2.58469772339 0.297389030457 -0.772521972656 0.0201303149817 -0.791234668058 0.0290337899974
1.361498118 2.40712738037 0.402610301971 -0.649444580078 0.0123524540229 0.468440059159 0.0
1.381931067 2.44623565674 0.468587875366 -0.444244384766 0.0 0.470848721059 -0.0
1.426045180 2.63685798645 0.248603820801 -0.733306884766 0.0201303149817 -0.802350695571 0.00318108819972
1.463733197 2.57541847229 0.463333129883 -0.605041503906 0.00114409620229 0.480488601552 0.00318108819972
1.502255202 2.66249465942 0.152130126953 -0.704132080078 0.0 0.461270125097 -0.0
1.539940119 2.40643310547 0.491533279419 -0.403564453125 0.0566127803504 -0.683466666083 0.193341328862
1.579656125 2.27152252197 0.22607088089 -0.435501098633 0.0138005179386 -0.796926361841 -0.0
1.621020079 2.61708068848 0.219461917877 -0.820526123047 0.0 0.488703737795 -0.0
1.626784087 2.39084625244 0.22607088089 -0.807098388672 0.0208379085499 -0.789938966454 -0.0
1.648024083 2.34306335449 0.176677703857 -0.67041015625 0.0 -0.818056302578 -0.0
1.686405182 2.42152404785 0.112295150757 -0.808197021484 0.0 -0.829942963884 -0.0
1.726390124 2.39398956299 0.328674316406 -0.834259033203 0.021913585963 -0.790932430839 0.000991877599258
1.768528224 2.39479064941 0.250091552734 -0.801971435547 0.0214444173227 -0.788773399408 -0.0
1.806123019 2.62646102905 0.248878002167 -0.445327758789 0.0 0.456155018497 -0.0
1.841216088 2.53575325012 0.46050786972 -0.761322021484 0.0170779758711 0.467953581609 -0.0
1.846912146 2.69486999512 0.125806331635 -0.722564697266 0.0 -0.728492542476 -0.0
1.879727126 2.42884063721 0.156207084656 -0.820587158203 0.0201303149817 -0.663447940969 -0.0
1.911904097 2.40455627441 0.0902438163757 -0.463256835938 0.0033925016513 -0.475819359474 -0.0
1.952435017 2.34935760498 0.159635543823 -0.841613769531 0.0152789562001 0.47848162851 -0.0
1.994168044 2.38543701172 0.32345533371 -0.414520263672 0.0212351810135 -0.832385433831 -0.0
2.030394078 2.28406524658 0.369454622269 -0.468109130859 0.0201303149817 -0.792551299996 0.0243627766236
2.077194214 2.26020812988 0.169293880463 -0.419342041016 0.0 -0.711676947222 0.0
2.113717080 2.55369186401 0.402610301971 -0.592727661133 0.0185564141326 -0.814090003625 0.00318108819972
2.149551154 2.60211372375 0.417249202728 -0.608123779297 0.0496084157468 -0.806762217531 0.0121011620818
2.188700200 2.57420730591 0.143320560455 -0.781921386719 0.000356734338441 -0.817660937751 -0.0
2.198451043 2.34072875977 0.367631912231 -0.788177490234 0.0165248533995 -0.782956745977 0.00318108819972
2.231149197 2.34944915771 0.373582839966 -0.42399597168 0.0213066130423 -0.81604609091 0.02854684812
2.249868155 2.3388671875 0.156207084656 -0.41064453125 0.0185564141326 -0.408622503593 -0.0
2.290068150 2.43199157715 0.37469625473 -0.662109375 0.0214444173227 -0.73975149409 -0.0
2.339651108 2.54934883118 0.400319099426 -0.76806640625 0.0203509194897 0.478261273694 0.0
2.382761002 2.61273956299 0.155997276306 -0.737976074219 0.0 -0.826615987911 0.0
2.424223185 2.38131713867 0.463333129883 -0.790649414062 0.0201303149817 -0.696365807239 -0.0
2.458050013 2.59666633606 0.176928043365 -0.678131103516 0.0185254713236 -0.817919544842 0.0359558503083
2.460334063 2.58651733398 0.177915096283 -0.758422851562 0.0166688444902 -0.784936263265 -0.0
2.512433053 2.34085083008 0.183024406433 -0.846099853516 0.0199084026722 -0.763503240128 0.0233859115048
2.568892003 2.23097991943 0.156810283661 -0.407562255859 0.00956611849428 0.452638746801 -0.0
2.609833003 2.40772247314 0.22753238678 -0.831329345703 0.0201303149817 -0.742608451405 0.0169885881234
2.650484086 2.36859893799 0.166523456573 -0.810485839844 0.009101562407 0.472649949629 -0.0
2.687628031 2.35901641846 0.161728858948 -0.8330078125 0.0201303149817 -0.655468938477 0.02854684812
2.722501040 2.25051879883 0.216715335846 -0.432510375977 0.0201303149817 -0.722291347396 -0.0
2.729584218 2.39683532715 0.381619930267 -0.438812255859 0.0 -0.437888265504 -0.0
2.772842169 2.38038635254 0.156207084656 -0.418487548828 0.0201303149817 0.482504985123 0.0
2.791826010 2.41236877441 0.454434156418 -0.715301513672 0.0201303149817 -0.799437054958 0.0
2.846354008 2.38681793213 0.473380088806 -0.660980224609 0.0 -0.791603322294 -0.0
2.878796101 2.66491699219 0.402610301971 -0.434997558594 0.0 -0.476352565809 -0.0
2.913649083 2.37525177002 0.0 -0.398849487305 0.0 0.481438172749 -0.0
2.952751160 2.61529159546 0.156207084656 -0.754241943359 0.0201303149817 0.46301599708 0.0
2.955883027 2.27840423584 0.375227928162 -0.433624267578 0.0258363524231 -0.446491288979 0.0
2.987465144 2.40608978271 0.156943798065 -0.846527099609 0.0123732538466 -0.804196774594 -0.0
3.015743018 2.40432739258 0.402610301971 -0.400161743164 0.0215968201062 -0.818980909485 0.0
3.051788092 2.34395599365 0.143673419952 -0.404663085938 0.0164916941477 0.475692336555 0.0
3.096551180 2.37573242188 0.285685062408 -0.562316894531 0.0201303149817 -0.687780680465 0.0520836384993
3.131875039 2.6725769043 0.505514144897 -0.630126953125 0.0394445776328 -0.825210595829 0.142836968301
3.171843052 2.58100891113 0.201427936554 -0.729522705078 0.0201303149817 0.467914735228 -0.0
3.219507218 2.38801574707 0.289356708527 -0.828918457031 0.00687321045786 -0.658273915407 -0.0
3.251170159 2.37877655029 0.16993522644 -0.443618774414 0.0218994525265 -0.80336423281 -0.0
3.253370047 2.32201385498 0.376932621002 -0.441040039062 0.0 0.440178458796 -0.0
3.300708056 2.47733688354 0.159800052643 -0.82275390625 0.00876220917572 -0.80989750585 0.0243627766236
3.328212023 2.35014343262 0.156207084656 -0.412933349609 0.0 -0.44034892906 0.0
3.366595030 2.37275695801 0.383229255676 -0.447906494141 0.0201303149817 0.518094286334 -0.0
3.400067091 2.41316223145 0.29109954834 -0.808959960938 0.0383532240999 -0.827044427023 -0.0
3.445893050 2.58431243896 0.380032062531 -0.769073486328 0.0134234798648 -0.756921998068 0.0
3.479621172 2.38762664795 0.42820930481 -0.667907714844 0.0 -0.819546923075 0.142683209161
3.517949105 2.38338470459 0.248086452484 -0.505310058594 0.00503083171705 -0.773935222864 0.0
3.520153046 2.38604736328 0.562568902969 -0.424575805664 0.0201303149817 -0.722580874116 0.0243627766236
3.558731080 2.31043243408 0.10285615921 -0.420074462891 0.0 -0.692196965361 -0.0
3.579847098 2.37169647217 0.189650058746 -0.820098876953 0.0201303149817 -0.762216547182 0.0
3.621201039 2.41052246094 0.468587875366 -0.405456542969 0.0177855000324 0.490475828739 -0.0
3.659867049 2.38603973389 0.499503612518 -0.861968994141 0.0201303149817 0.487949465374 0.0
3.699850083 2.396484375 0.197386741638 -0.449096679688 0.0201303149817 0.482053898465 -0.0
3.748109103 2.37404632568 0.156207084656 -0.835083007812 0.0201303149817 0.513253758932 0.0
3.790072203 2.58284568787 0.43231010437 -0.800354003906 0.0201303149817 -0.794868371883 -0.0
3.818281174 2.40875244141 0.156207084656 -0.826324462891 0.0154829925658 -0.745019019047 -0.0
3.821392060 2.40068817139 0.16993522644 -0.740325927734 0.0 -0.411423193214 0.0
3.852098227 2.41494750977 0.350232124329 -0.835357666016 0.0133907944276 -0.668516382342 -0.0
3.895825148 2.33769989014 0.499503612518 -0.432922363281 0.020572138495 -0.795065400778 0.0
3.928322077 2.37209320068 0.37469625473 -0.410003662109 0.0202943549562 -0.773769716707 0.00318108819972
3.968456030 2.37989807129 0.328674316406 -0.417724609375 0.0 -0.328009688527 -0.0
4.009166003 2.38883972168 0.420923233032 -0.836639404297 0.0 -0.777871560289 0.0
4.047697068 2.25838470459 0.250148773193 -0.384216308594 0.00114409620229 0.474581350459 0.00318108819972
4.090856076 2.42200469971 0.375411510468 -0.545989990234 0.0200866868753 0.472633488264 0.0348941012385
4.132733107 2.39842987061 0.238199234009 -0.703659057617 0.0201303149817 -0.806308796842 0.0
4.161803008 2.39905357361 0.499503612518 -0.571044921875 0.00096933781502 -0.518417835493 -0.0
4.165900231 2.35929107666 0.482935905457 -0.814727783203 0.0156262802401 -0.811258612334 -0.0
4.189994097 2.38565063477 0.22753238678 -0.468444824219 0.0201303149817 -0.811712492337 0.0161696071108
4.231851101 2.32210540771 0.156207084656 -0.480407714844 0.0201303149817 -0.666996968966 -0.0
4.273709059 2.38001251221 0.142123699188 -0.796752929688 0.0 -0.692084934016 -0.0
4.314109087 2.36845397949 0.332891941071 -0.409881591797 0.0201303149817 -0.704722363629 -0.0
4.357257128 2.35088348389 0.369770526886 -0.84423828125 0.0201303149817 0.458748604665 0.0
4.392628193 2.54649543762 0.156207084656 -0.735748291016 0.0 -0.790966594384 -0.0
4.437781096 2.5481262207 0.481672286987 -0.424346923828 0.0166210400618 0.468700902249 0.00318108819972
4.476419211 2.36060333252 0.156207084656 -0.437408447266 0.0167626769565 0.471983782252 -0.0
4.512690068 2.42147827148 0.182723999023 -0.83154296875 0.0214730116318 -0.798833733202 0.000991877599258
4.552107096 2.42852783203 0.121500492096 -0.465576171875 0.0 -0.451715494356 -0.0
4.593286038 2.39273834229 0.0774741172791 -0.529113769531 0.0 0.482095937387 -0.0
4.625264168 2.30246734619 0.109360218048 -0.465087890625 0.00876220917572 -0.601644944136 -0.0
4.630598069 2.40077209473 0.401635169983 -0.411209106445 0.0246372260798 -0.791948327224 0.103800622942
4.659346104 2.40069580078 0.0991797447205 -0.795196533203 0.0 -0.816486398949 -0.0
4.701892138 2.41700744629 0.159635543823 -0.393859863281 0.0108408129537 0.454853941166 -0.0
4.738148213 2.59251785278 0.218007564545 -0.774291992188 0.00876220917572 -0.740389142684 0.0
4.784289122 2.39874267578 0.233991146088 -0.81494140625 0.0 -0.788474850543 -0.0
4.820194006 2.34728240967 0.366806983948 -0.626770019531 0.0201303149817 0.456969979052 0.0243627766236
4.858057023 2.26538085938 0.518627166748 -0.444534301758 0.0201303149817 -0.442469206609 -0.0
4.894015074 2.55502891541 0.219919681549 -0.681854248047 0.00114409620229 -0.739693757776 -0.0
4.898393155 2.36290740967 0.159635543823 -0.6748046875 0.0 0.485087959557 -0.0
4.930803061 2.40830993652 0.224478244781 -0.623825073242 0.020572138495 -0.763158527793 -0.0
4.962430001 2.23870849609 0.156207084656 -0.430618286133 0.0201303149817 -0.465935106462 0.0132315302877
5.002264023 2.36182403564 0.202701091766 -0.448425292969 0.0 -0.445284423212 -0.0
5.043584109 2.3102645874 0.273187160492 -0.637054443359 0.0 -0.862897472494 -0.0
5.079780102 2.40227508545 0.242910385132 -0.819183349609 0.0214597797536 -0.762644869912 -0.0
5.119615078 2.35577392578 0.838167667389 -0.415893554688 0.0944835484817 -0.366767370737 -0.0
5.162389040 2.54488182068 0.472770929337 -0.768218994141 0.0102670339428 -0.810482308415 0.0292353745177
5.170951128 2.59157371521 0.224478244781 -0.707916259766 0.0 0.452763137288 -0.0
5.193427086 2.57494926453 0.1789021492 -0.735626220703 0.0187321725358 -0.601798515856 -0.0
5.244377137 2.41107940674 0.380432605743 -0.385345458984 0.0201303149817 -0.438650244722 -0.0
5.279895068 2.40320587158 0.355533361435 -0.474060058594 0.0184966380023 -0.774407294641 0.0
5.326073170 2.35349273682 0.180315971375 -0.810211181641 0.0214444173227 0.503575852167 -0.0
5.362235070 2.27487945557 0.0836837291718 -0.440414428711 0.0 -0.44437203398 -0.0
5.390229226 2.64228820801 0.438666343689 -0.752624511719 0.0201303149817 -0.799862576562 -0.0
5.398180008 2.40245056152 0.262863636017 -0.815124511719 0.0 -0.809846750793 -0.0
5.432096005 2.38613128662 0.376932621002 -0.637298583984 0.0201303149817 0.461950259988 0.0243627766236
5.460802079 2.52833366394 0.156207084656 -0.737976074219 0.0185254713236 -0.763484471563 -0.0
5.506926060 2.3695602417 0.369229316711 -0.8544921875 0.0187321725358 0.465204111574 -0.0
5.539824009 2.48656463623 0.156207084656 -0.803161621094 0.0201303149817 -0.613427036777 -0.0
5.600654126 2.2516708374 0.383658409119 -0.459396362305 0.0301910748603 -0.780124331236 -0.0
5.636454106 2.36251831055 0.371174812317 -0.613723754883 0.00876220917572 -0.602614531244 0.0
5.662314177 2.64713859558 0.166404247284 -0.412078857422 0.0184699132785 0.463664103864 -0.0
5.666286231 2.58552360535 0.156207084656 -0.737548828125 0.0122088361926 -0.820894030961 -0.0
5.702686072 2.58129310608 0.486351251602 -0.715911865234 0.0215182429945 -0.821075583988 -0.0
5.738630057 2.41112518311 0.332891941071 -0.411285400391 0.0320697827556 -0.444308554345 0.00318108819972
5.771953106 2.62619972229 0.373151302338 -0.585327148438 0.020572138495 -0.746422191336 -0.0
5.814239026 2.36402893066 0.27446269989 -0.42317199707 0.0274514752403 -0.788904065872 -0.0
5.855210066 2.35372924805 0.111808776855 -0.469314575195 0.0 -0.650384117681 -0.0
5.891687155 2.3709564209 0.381028652191 -0.504150390625 0.0201303149817 0.456368977958 -0.0
5.931985140 2.40567016602 0.108168125153 -0.862640380859 0.0128496688558 -0.79227557912 -0.0
5.972898007 2.4256362915 0.440690517426 -0.406097412109 0.0201303149817 0.479740164371 -0.0
5.980349064 2.34092712402 0.18946647644 -0.443298339844 0.0 -0.806375446765 -0.0
6.004016161 2.39863586426 0.186531543732 -0.654266357422 0.0 -0.706755267286 -0.0
6.039737225 2.25359344482 0.125336647034 -0.445770263672 0.0 -0.795120803082 -0.0
6.081959010 2.27185058594 0.224478244781 -0.409057617188 0.0 -0.739863960871 0.0
6.122134209 2.38018798828 0.323288440704 -0.423034667969 0.0 -0.836577811238 -0.0
6.162391186 2.34732055664 0.665655136108 -0.449829101562 0.0280695271441 -0.799051073575 0.0
6.203736067 2.37668609619 0.37930727005 -0.796417236328 0.0201303149817 0.469549342961 0.02854684812
6.237526179 2.54376029968 0.261063575745 -0.655242919922 0.0245411507037 -0.784280278803 -0.0
6.239687205 2.40447998047 0.138168334961 -0.406631469727 0.0 0.452360400244 -0.0
6.271036149 2.36234283447 0.375425815582 -0.446670532227 0.00830757657241 -0.732791178654 0.00318108819972
6.297556162 2.38757324219 0.176494121552 -0.819549560547 0.0 -0.734178748104 -0.0
6.339046002 2.26714324951 0.156207084656 -0.650329589844 0.00965038534507 -0.799648177985 0.02854684812
6.377669096 2.32234191895 0.276963710785 -0.410171508789 0.0151264973429 -0.763875329613 0.000469903665362
6.418375016 2.38520812988 0.375616550446 -0.422607421875 0.000356734338441 -0.460699291408 0.000991877599258
6.456623078 2.62666893005 0.454434156418 -0.617095947266 0.0201303149817 -0.775475959807 -0.0
6.496463061 2.40129089355 0.348942279816 -0.417449951172 0.0201303149817 -0.436925443964 -0.0
6.536447049 2.39926147461 0.380568504333 -0.478668212891 0.0201303149817 -0.712647654411 -0.0
6.788574219 2.68018341064 0.276963710785 -0.734283447266 0.0184966380023 -0.827202860293 0.0514287494056
6.806819201 2.32789611816 0.236001014709 -0.438064575195 0.0 -0.807273481301 -0.0
6.823359013 2.40461730957 0.355558395386 -0.422119140625 0.0319383126901 -0.635983984458 -0.0
6.838361025 2.43681335449 0.236954689026 -0.841156005859 0.0 -0.800397443307 -0.0
6.862371207 2.35642242432 0.438666343689 -0.572799682617 0.0126070042461 -0.752940734892 -0.0
6.881687165 2.39655303955 0.099036693573 -0.863952636719 0.00576908473834 0.477112571464 0.00363694998565
6.909826041 2.35495758057 0.194165706635 -0.845062255859 0.0268875689092 -0.700455366222 -0.0
6.915662051 2.37397003174 0.3289270401 -0.438583374023 0.0 -0.766036958349 -0.0
6.920118094 2.33285522461 0.249164104462 -0.417938232422 0.0 -0.772827027335 -0.0
6.940428019 2.42918395996 0.418837070465 -0.850982666016 0.0257323533047 -0.724800637443 -0.0
6.949499131 2.33685302734 0.27939081192 -0.418853759766 0.0 -0.684468791315 -0.0
6.977148057 2.37757110596 0.227847099304 -0.482421875 0.0 -0.632394964474 0.0
6.981633187 2.3860244751 0.390067100525 -0.840087890625 0.0201303149817 0.474526145517 0.0
7.040208102 2.53716468811 0.406748056412 -0.50732421875 0.033515449235 -0.637964184198 0.000991877599258
7.060946227 2.37075805664 0.236930847168 -0.415420532227 0.0125498591057 -0.393102233664 0.0297544370977
7.098980189 2.47138977051 0.369454622269 -0.414947509766 0.0201303149817 0.468425634681 0.0245567874465
7.139907122 2.56432342529 0.675883293152 -0.700317382812 0.0360430281783 -0.79037690462 0.0840389710086
7.186269999 2.76466369629 0.298359394073 -0.406173706055 0.0 -0.732075108176 0.0
7.213990212 2.80661773682 0.156207084656 -0.404235839844 0.00754407724266 -0.815255082077 0.0281157726874
7.244336129 2.39781188965 0.156207084656 -0.430374145508 0.0 -0.787571488414 -0.0
7.248174191 2.41278076172 0.195655822754 -0.398681640625 0.0 -0.821569894467 0.0
7.308997155 2.4150390625 0.054886341095 -0.415863037109 0.0 -0.443157100684 -0.0
7.320427180 2.79555511475 0.525822639465 -0.801696777344 0.0 -0.949212141312 0.180857136308
7.354942084 2.41101074219 0.254322290421 -0.405059814453 0.00876220917572 -0.559216639649 0.0243627766236
7.400395155 2.2278213501 0.0897550582886 -0.383728027344 0.0 -0.632354699177 -0.0
7.447003127 2.29271697998 0.156207084656 -0.39208984375 0.0 -0.819653402089 -0.0
7.477880002 2.44213867188 0.229780673981 -0.639678955078 0.0 -0.80024230896 -0.0
7.508138180 2.74673843384 0.0109267234802 -0.451507568359 0.0 0.479529106721 -0.0
7.511124135 2.42053985596 0.156207084656 -0.427719116211 0.0 -0.746758147357 0.0
7.553781033 2.37675476074 0.293564796448 -0.403076171875 0.0406520998513 -0.817370715524 0.0243627766236
7.580658198 2.70341110229 0.137491226196 -0.401794433594 0.0 0.462694213551 -0.0
7.623287201 2.42169952393 0.248770713806 -0.449401855469 0.020572138495 -0.65804061937 -0.0
7.664286137 2.48585700989 0.468587875366 -0.827941894531 0.00882918562508 0.456345400234 -0.0
7.713306189 2.38298797607 0.305948257446 -0.591766357422 0.0214597797536 0.830290936536 0.00975159976874
7.740697146 2.30009269714 0.402610301971 -0.424560546875 0.0494382095016 0.488823180438 0.103819539857
7.778149128 2.28051757812 0.203444957733 -0.454299926758 0.0201303149817 0.538964372461 -0.0
7.780775071 2.34509277344 0.373888015747 -0.8466796875 0.0 0.976002672228 -0.0
7.832158089 2.3871383667 0.37469625473 -0.679870605469 0.0201303149817 0.984151302017 0.0751973014035
7.839124203 2.35903930664 0.17128944397 -0.494186401367 0.0 0.549465716908 -0.0
7.893253088 2.42909240723 0.379829406738 -0.434326171875 0.0498584980025 0.586340767994 -0.0
7.936214209 2.26026916504 0.0 -0.822967529297 0.0 -0.848352605504 -0.0
7.963012219 3.13987731934 0.380020141602 -0.452972412109 0.0201303149817 -0.820402650269 -0.0
8.008436203 2.30814361572 0.271571874619 -0.437866210938 0.0 0.577349200066 -0.0
8.061527014 2.3550567627 0.431234836578 -0.448883056641 0.0319779130618 -0.808525499728 0.127042498021
8.079183102 2.29724121094 0.397479534149 -0.434494018555 0.0304539132818 0.546360837981 -0.0
8.097971201 2.36726379395 0.327861309052 -0.506378173828 0.021913585963 0.593186053541 -0.0
8.117487193 2.33938598633 0.407855510712 -0.658935546875 0.0383043073691 0.596635135634 0.0
8.159716130 2.38922119141 0.241951942444 -0.617477416992 0.0 0.620210305655 -0.0
8.193853140 2.43051147461 0.236930847168 -0.586395263672 0.020572138495 0.659246774762 -0.0
8.227667094 2.48426818848 0.269740819931 -0.751342773438 0.0201303149817 0.710809207935 -0.0
8.272746087 2.3235168457 0.314559936523 -0.681137084961 0.00876220917572 0.62131452867 0.0406638822845
8.306160212 2.65939331055 0.277116298676 -0.713348388672 0.0137143472405 0.662576852526 -0.0
8.351472140 2.35372924805 0.363575220108 -0.905059814453 0.0288602506002 0.649354957415 0.0349387414322
8.390646220 2.2558631897 0.120656490326 -0.846466064453 0.0 0.619502373372 -0.0
8.421945096 2.25978851318 0.335558652878 -0.631072998047 0.0239808760879 0.678481478734 -0.0
8.432203055 2.31407165527 0.156419277191 -0.713043212891 0.0201303149817 0.642244948223 0.0
8.458035231 2.29985046387 0.35671710968 -0.847625732422 0.0201303149817 0.63383279277 0.0
8.493719101 2.13998413086 0.159635543823 -0.807037353516 0.020572138495 0.671686550762 -0.0
8.526550055 2.23705291748 0.228071212769 -0.8720703125 0.0 0.61514082002 0.00651181215082
8.566591025 2.27301025391 0.287992954254 -0.740692138672 0.0 0.625942156315 0.0
8.613005162 2.27046203613 0.089750289917 -0.723388671875 0.0 0.641217888957 -0.0
8.651233197 2.34461975098 0.212273597717 -0.529327392578 0.0 0.687317177588 -0.0
8.688618184 2.21255493164 0.237007141113 -0.729400634766 0.0 0.759341595636 -0.0
8.697649003 2.19871520996 0.295548439026 -0.701171875 0.0 0.617944018913 0.0
8.714562178 2.26985168457 0.0987029075623 -0.507095336914 0.0 0.664026558739 -0.0
8.751970053 2.27137756348 0.125806331635 -0.729736328125 0.0 0.670119692872 -0.0
8.793556214 2.2424621582 0.176494121552 -0.513580322266 0.0 0.649655038676 -0.0
8.824220181 2.21772766113 0.0 -0.614517211914 0.0 0.635053086915 -0.0
8.869099141 2.26834106445 0.0 -0.558654785156 0.0 0.706433743384 -0.0
8.924259186 2.15948486328 0.135228633881 -0.725891113281 0.0 0.611065766173 -0.0
8.952999115 2.10034179688 0.22145986557 -0.563446044922 0.0 0.538365454435 -0.0
8.990862132 2.06921386719 0.0 -0.596313476562 0.0 0.458112375742 -0.0
8.998376132 2.12788391113 0.248413085938 -0.776275634766 0.0 0.568264471462 -0.0
9.022833109 2.07287597656 0.0 -0.601440429688 0.0 0.510629008479 -0.0
9.059950114 2.03186035156 0.194606781006 -0.619995117188 0.0 0.423103636651 -0.0
9.093914032 1.92694091797 0.127487182617 -0.476470947266 0.0 0.497186518122 -0.0
9.123987198 2.00903320312 0.498423576355 -0.890777587891 0.0 0.504250198364 0.0
9.169376135 2.05711364746 0.0114607810974 -0.771759033203 0.0 0.502317684512 -0.0
9.208433152 2.18194580078 0.0 -0.823394775391 0.0 0.629150717038 -0.0
9.251000166 2.29727172852 0.0279307365417 -0.824523925781 0.0 0.733857842978 -0.0
9.284734011 2.07807922363 0.0 -0.824920654297 0.0 0.681989516281 -0.0
9.314145089 1.90356445312 0.0 -0.85546875 0.0 0.440375021758 -0.0
9.317802191 1.87152099609 0.0 -0.994842529297 0.0 -0.365457809667 -0.0
9.368203164 1.85815429688 0.0 -0.752014160156 0.0 0.259061617541 -0.0
9.389334202 1.79766845703 0.0 -0.854705810547 0.0 -0.386467005618 -0.0
9.435838223 1.8218536377 0.0491118431091 -0.84033203125 0.0 0.527020120025 -0.0
9.476235152 1.86001586914 0.0 -1.0862121582 0.0 0.510650126024 -0.0
9.517020226 1.99989318848 0.0556302070618 -0.882476806641 0.0 0.503438953185 -0.0
9.558730126 1.72479248047 0.101792812347 -0.887847900391 -0.0 0.437864671299 -0.0
9.588794232 1.78771972656 0.0 -0.662246704102 0.0 0.430139721934 -0.0
9.592021227 1.97653198242 0.0 -0.728210449219 0.0 0.398168363258 -0.0
9.631863118 2.08285522461 0.191324949265 -0.946838378906 0.0 0.665272191013 -0.0
9.652259112 1.90142822266 0.0 -0.85888671875 0.0 0.54131204926 -0.0
9.703348160 1.72631835938 0.0525534152985 -0.676574707031 0.0 0.278380040964 -0.0
9.742550135 1.68585205078 0.195358991623 -0.756500244141 0.0 0.292824644137 -0.0
9.782839060 1.63031005859 0.0 -0.723999023438 0.0 0.273009720121 -0.0
9.820550204 1.94850158691 0.227792263031 -0.834014892578 0.0 0.468540790371 0.0
9.850573063 1.90222167969 0.053985118866 -1.00329589844 0.00163854446315 0.481491974419 0.0
9.853133202 2.53997802734 0.0240254402161 -0.957611083984 0.0 0.447994207292 -0.0
9.901795149 2.41326904297 0.067081451416 -0.798370361328 0.0 0.3519542355 -0.0
9.927476168 1.66455078125 0.18577337265 -0.631072998047 0.0 0.279388778636 -0.0
9.967025042 2.20099639893 0.0655925273895 -0.854522705078 -0.0 0.356036698985 -0.0
10.000854016 1.94761657715 0.0964033603668 -0.726593017578 0.0 0.393340366767 0.0
10.049771071 1.75227355957 0.116713047028 -0.759033203125 0.0 0.328633141396 0.0
10.081529141 2.26519775391 0.0164234638214 -0.790496826172 0.0 0.357306111069 -0.0
10.118630171 1.39001464844 0.0 -0.421569824219 0.0 0.191434852039 -0.0
10.127040148 1.88134002686 0.24111032486 -0.528442382812 0.0 -0.345577121689 0.0
10.177949191 1.84413146973 0.00324368476868 -0.806945800781 0.0 0.321650953129 -0.0
10.193214179 2.23059082031 0.0 -0.732696533203 0.0 0.368915899008 -0.0
10.226051093 1.69965362549 0.0 -0.78173828125 0.0 0.35041542286 -0.0
10.280667067 1.62355804443 0.0 -0.654052734375 0.0 0.270249848278 -0.0
10.313981057 1.73237609863 0.0 -0.6982421875 0.0 0.338923373732 -0.0
10.347937108 1.75927734375 0.0 -0.916320800781 0.0 0.582654190073 0.0
10.385635138 1.68357849121 0.0 -0.701690673828 0.0 0.273996121317 0.0
10.439764023 1.60210418701 0.0 -0.669860839844 0.0 0.302610353933 0.0
10.453707219 1.58126068115 0.0 -0.619750976562 0.0 0.334498890343 0.0
10.461527110 1.19952392578 0.0 -0.698974609375 0.0 -0.223231974425 0.0
10.487871171 1.17559814453 0.0 -0.594314575195 0.0 -0.221949620665 0.0
10.530321122 1.08471679688 0.0 -0.611511230469 0.0 -0.168027301452 0.0
10.564030171 1.15576171875 0.0 -0.601867675781 0.0 -0.196825351919 0.0
10.613105059 1.42517852783 0.0 -0.762619018555 0.0 0.231019905477 0.0
10.643777133 1.24899291992 0.0 -0.309661865234 -0.0 0.299870268206 0.0
10.685517073 1.38865661621 0.0 -0.669586181641 0.0 0.219767374219 0.0
10.727166176 1.55237579346 0.0 -0.573822021484 0.0 0.236409632672 -0.0
10.731586218 1.18393707275 0.0 -0.525421142578 0.0 -0.314638354959 0.0
10.756723166 1.1517868042 0.0 -0.476593017578 0.0 -0.259699277214 0.0
10.788309098 0.963455200195 0.0 -0.66081237793 0.0 0.175543757515 0.0
10.838670016 0.758178710938 0.0 -0.798126220703 0.0 0.276866420235 -0.0
10.864100218 -0.708450317383 0.0 -0.604034423828 0.0 0.216369232638 0.0
10.913287163 -0.720336914062 0.0 -0.250640869141 0.0 0.257866266784 0.0
10.947002173 -0.696929931641 0.0 -0.264907836914 0.0 0.130045660652 -0.0
10.986412049 -0.739196777344 0.0 0.305473327637 0.0 0.397741845224 0.0
11.039592028 -0.979362487793 0.0 0.4912109375 0.0 0.414115799537 -0.0
11.057927132 -1.22630310059 0.0 0.517822265625 0.0 0.563990591478 0.0
11.069236041 -1.21731567383 0.0 -0.256958007812 0.0 0.442931312296 0.0
11.089374066 -1.29876708984 0.00445604324341 0.524795532227 0.00208235213904 0.875626299371 0.0
11.131676198 -1.35054016113 0.0 -0.522125244141 0.0 0.669843178209 0.0
11.168726206 -1.24786376953 0.0 0.752258300781 0.0 0.764529088845 0.0
11.206620217 -1.79879760742 0.0 0.782623291016 0.0 0.862536214325 0.0
11.458731175 -1.76104736328 0.0 0.7529296875 0.0 0.876938808018 0.0
11.471680165 -2.08441162109 0.0 -0.904113769531 0.0 1.04262214825 0.0
11.479713202 -2.38748168945 0.0 -0.874816894531 0.0 1.48951690877 0.0
11.493187190 -2.67707824707 0.0 -1.08511352539 0.0 1.51013827989 0.0
11.510072232 -3.00749206543 0.0 0.806331634521 0.0 1.39153579699 0.0
11.523364068 -2.92279052734 0.0 1.0590133667 0.0 1.46766756907 0.0
11.528001071 -2.53811645508 0.0 0.859355926514 0.0 1.38391612249 0.0
11.532257081 -3.40606689453 0.0 -0.728332519531 0.0 1.41389153582 0.0
11.537457228 -3.46099853516 0.0 -0.641815185547 0.0 1.56190940862 0.0
11.546265126 -3.6803894043 0.0 -0.65251159668 0.0 1.49843827922 0.0
11.584311009 -3.14486694336 0.0 0.725936889648 0.0 1.72350613435 0.0
11.624331236 -3.24774169922 0.0 0.873950958252 0.0 1.83107540299 0.0
11.664291144 -3.87742614746 0.0 1.34707641602 0.0 1.37275448 0.0
11.704066039 -5.09010314941 0.0 1.74559020996 0.0 -0.479573998442 0.0
11.741424084 -3.07060241699 0.0 1.5456237793 0.0 0.294275202479 0.0
11.749146224 -1.99284362793 0.0 1.43435668945 0.0 0.233166213696 -0.0
11.767979146 -1.84422302246 0.0 1.41079711914 0.0 0.236987396568 -0.0
11.797851086 -1.76942443848 0.0 1.36669921875 0.0 0.778239854909 0.0
11.842385054 -1.63485717773 0.0 1.3727722168 0.0 0.386182693226 0.0
11.889284134 -1.25889587402 0.0846433639526 1.31823730469 0.0 0.844372122831 0.0
11.933370114 -1.47785949707 0.0 1.35983276367 0.0 0.17075188766 -0.0
11.967256070 -1.62742614746 0.0 1.36596679688 0.0 -0.192516732449 -0.0
11.996988059 -1.56272888184 0.0 1.39218139648 0.0 -0.301054959804 -0.0
12.032252074 -1.1369934082 0.0 1.33825683594 0.0 0.56510561629 -0.0
12.035453082 -1.3773727417 0.172808170319 1.47747802734 0.0 0.433004335883 0.0
12.069604159 1.28662109375 0.0216269493103 1.46292114258 0.0 0.55226887853 0.0
12.112184048 1.15446472168 0.0 1.33917236328 0.0 -0.635664036866 -0.0
12.147821188 1.38381958008 0.0288820266724 1.32907104492 0.0 -0.489780928385 0.0
12.190100194 1.18829345703 0.0 1.47357177734 0.0 -0.44051554372 -0.0
12.234101058 1.26495361328 0.0 1.46508789062 0.0 -0.484935001184 -0.0
12.271384001 1.71441650391 0.0 1.72303009033 0.0 -0.719194681996 -0.0
12.275156022 1.77996826172 0.0143575668335 1.68084716797 0.0 -0.738624470426 0.0
12.299485207 1.77905273438 0.0 1.71878051758 0.0 -0.809192590247 -0.0
12.331955195 1.49401855469 0.0 1.6721496582 0.0 -0.81567565978 -0.0
12.376004220 1.40173339844 0.0 1.64022827148 0.0 -0.856201604531 -0.0
12.427078009 -0.880378723145 0.0 1.59066772461 0.0 -0.709861538523 0.0
12.453903199 1.38186645508 0.0 1.48641967773 0.0 -0.580222027659 -0.0
12.496115208 1.59759521484 0.0 1.51924133301 0.0 -0.562137476541 -0.0
12.533797026 1.5578918457 0.0 1.5885925293 0.0 -0.594768936643 -0.0
12.568327189 1.17295837402 0.0 1.56100463867 0.0 -0.574059242363 -0.0
12.571005106 1.16589355469 0.0 1.25381469727 0.0 -0.520379591866 -0.0
12.603289128 1.47213745117 0.0 1.54711914062 0.0 -0.538860310516 -0.0
12.633974076 1.31159973145 0.0 1.59349060059 0.0 -0.648465265471 -0.0
12.672990084 1.20347595215 0.0 1.52244567871 0.0 -0.660134414098 -0.0
12.713441134 1.17576599121 0.0 1.52960205078 0.0 -0.896074646738 -0.0
12.755634070 0.618515014648 0.0 1.72815704346 0.0 -0.967941744349 -0.0
12.807825089 0.964630126953 0.0 1.7555847168 0.0 -0.766885683137 -0.0
12.836601019 1.72528076172 0.0 1.66101074219 0.0 -0.762131065946 -0.0
12.884283066 1.96350097656 0.0 1.65719604492 0.0 -0.734529202304 -0.0
12.898824215 2.0400390625 0.0 1.76747131348 0.0 -0.514902550195 -0.0
12.923481226 1.53872680664 0.0 1.77899169922 0.0 -0.459580267221 -0.0
12.944075108 1.62442016602 0.0 1.67343139648 0.0 -0.431291554463 -0.0
12.985993147 1.42056274414 0.0 1.5627746582 0.0 -0.486680983286 -0.0
13.031677008 1.32574462891 0.0 1.65530395508 0.0 -0.851793044579 -0.0
13.076490164 1.51086425781 0.0 1.64120483398 0.0 -0.835290004982 -0.0
13.103253127 1.53158569336 0.0 1.58950805664 0.0 -0.579214217946 -0.0
13.135355235 1.39576721191 0.270891189575 1.92129516602 0.0 -0.445204999338 0.0
13.139982224 1.55935668945 0.0 1.32476806641 0.0 0.484578111014 -0.0
13.173076153 1.47912597656 0.0 1.32006835938 0.0 0.310060096532 -0.0
13.210973025 1.90594863892 0.139272212982 1.42445373535 0.0 0.938236315833 0.0
13.250808001 1.77632904053 0.0 1.26428222656 0.0 1.09891452423 -0.0
13.292047024 1.70347976685 0.0 1.24600219727 0.0 1.07535194987 0.0
13.330628157 1.72079467773 0.0495576858521 1.29708862305 0.0 0.868785210008 0.0
13.371471167 1.41311645508 0.0 1.32740783691 0.0 1.20118127748 -0.0
13.377702237 1.39575195312 0.0 1.25628662109 0.0 0.866589087906 0.0
13.416960001 2.00735473633 0.0 1.22915649414 0.0 0.921009132592 -0.0
13.439996005 1.53659057617 0.0121426582336 1.33801269531 0.0 0.724812551692 0.0
13.485751153 1.47198486328 0.0 1.27047729492 0.0 0.6811015595 -0.0
13.528018237 1.34043884277 0.0 1.32733154297 0.0 0.561526334728 -0.0
13.560476065 0.983947753906 0.0 1.38284301758 0.0 -0.420866371944 0.0
13.600070000 0.931488037109 0.0 1.28894042969 0.0 -0.446167451443 -0.0
13.641508103 1.11688232422 0.0 1.39381408691 0.0 0.580348722129 -0.0
13.680388213 1.1516418457 0.0 1.39204406738 0.0 0.892596884913 -0.0
13.709685088 1.29315185547 0.0 1.40400695801 0.0 1.12341315605 -0.0
13.712274075 1.41180419922 0.11833190918 1.15533447266 0.0 1.09025489487 0.0
13.740339041 1.52688598633 0.0 1.28324890137 0.0 0.956206673553 0.0
13.778407097 1.72604370117 0.316412448883 1.23904800415 0.0 0.830075948546 0.0
13.820566178 2.02212524414 0.150413513184 1.31701660156 0.0 0.813213461677 0.0
13.856044055 1.78305053711 0.0431847572327 1.24911499023 0.0 0.845398895057 0.0
13.892484189 2.06784057617 0.0 1.41450119019 0.0 0.842066738155 -0.0
13.934478045 2.31970214844 0.0 1.20167541504 0.0 1.13143503098 0.0
14.010595084 2.22958374023 0.0 1.21759033203 0.0 0.961580007853 -0.0
14.017412186 2.30340576172 0.0 1.15853881836 0.0 1.04235373463 -0.0
14.019880057 2.6438293457 0.0 1.35586547852 0.0 1.51962242187 -0.0
14.043836117 2.26208496094 0.0 1.40115356445 0.0 1.46363192976 -0.0
14.086434126 2.2495880127 0.0 1.35391235352 0.0 0.531212354569 0.0
14.125584126 2.43283081055 0.0 1.70077514648 0.0 0.375687413673 0.0
14.165715218 2.57366943359 0.0 1.43570709229 0.0 0.938689500039 -0.0
14.215337039 2.20523071289 0.0 1.45690917969 0.0 0.607561505859 -0.0
14.250550032 2.64419555664 0.00976324081421 1.48883056641 0.00456245693385 0.733766781443 -0.0
14.293055058 2.82537841797 0.0 1.17132568359 0.0 1.06414403533 -0.0
14.300088168 2.99913024902 0.00576734542847 1.48162841797 0.0 0.919778952377 -0.0
14.323480130 2.5146484375 0.0 1.52984619141 0.0 0.98238012984 -0.0
14.364072085 2.7781829834 0.0 1.50468444824 0.0 0.568767592693 -0.0
14.398548127 2.54983520508 0.0 1.47392272949 0.0 -0.433369822827 -0.0
14.442642212 2.19955444336 0.0 1.36183166504 0.0 -0.499800358822 -0.0
14.482986212 2.06292724609 0.0 1.57284545898 0.0 -0.465593495331 -0.0
14.512493134 2.66494750977 0.264368057251 1.48013305664 0.0 0.356965627905 -0.0
14.516237021 2.81282043457 0.0313460826874 1.70101928711 0.0 -0.357221039839 -0.0
14.556636096 3.42553710938 0.0501453876495 1.68151855469 0.0 0.403988823064 -0.0
14.581419230 3.46307373047 0.191314220428 1.71212768555 0.0 0.381047466873 -0.0
14.621094227 2.49110412598 0.471267700195 1.80670166016 0.0 -0.449263654685 0.0
14.660606146 2.41040039062 0.0 1.74780273438 0.0 -0.470230215528 -0.0
14.700290204 2.42698669434 0.0445222854614 1.63366699219 0.0 -0.431729178485 -0.0
14.740839005 2.34547424316 0.0869369506836 1.69456481934 0.0 -0.579784057603 0.0
14.787089110 2.47462463379 0.0 1.20559692383 0.0 -0.384912788145 0.0
14.793206215 2.5562286377 0.0 1.72216796875 0.0 -0.532030284954 0.0
14.830783129 2.94934082031 0.0 1.61505126953 0.0 -0.398357153804 -0.0
14.846579075 2.5426864624 0.0 1.33564758301 0.0 -0.294034123596 0.0
14.891807080 2.76410675049 0.0 1.69013977051 0.0 0.382238797326 0.0
14.924338103 2.93579101562 0.0 1.53843688965 0.0 -0.465588866876 -0.0
14.964120150 2.35450744629 0.0 1.61553955078 0.0 -0.36247664576 -0.0
15.009570122 2.42990112305 0.0 1.52841186523 0.0 -0.490745351845 0.0
15.056128026 2.58042144775 0.0 1.56692504883 0.0 -0.549749617252 0.0
15.088359118 2.36863708496 0.15704870224 1.64984130859 0.0 -0.548017322977 0.0
15.116582156 3.38995361328 0.0 1.59306335449 0.0 -0.54799183337 -0.0
15.124416113 3.45620346069 0.323824882507 1.60763549805 0.0 0.46031748537 0.0
15.168187142 3.40582275391 0.0 1.58752441406 0.0 -0.524230878581 -0.0
15.191279173 3.37747955322 0.0 1.55067443848 0.0 -0.560488209727 0.0
15.229489089 3.36834716797 0.0 1.57867431641 0.0 -0.568349018281 0.0
15.269160033 3.30895996094 0.0 1.61349487305 0.0 -0.527712456217 0.0
15.337678195 3.33782958984 0.0 1.27076721191 0.0 -0.491240526949 0.0
15.380220175 3.40222167969 0.0217068195343 1.55421447754 0.0 -0.372696726752 0.0
15.432135106 3.38787841797 0.00837564468384 1.55331420898 0.0 -0.524600655479 0.0
15.461086035 3.39019775391 0.0 1.56398010254 0.0 -0.550440537012 0.0
15.490902186 3.38977050781 0.0849854946136 1.42037963867 0.0 -0.541813458053 -0.0
15.497854233 3.34051513672 0.0 1.36444091797 0.0 -0.515185723391 -0.0
15.518174172 3.36749267578 0.0 1.46144104004 0.0 -0.539143286778 -0.0
15.580492020 3.37841796875 0.000908374786377 1.53147888184 0.0 -0.515655569599 -0.0
15.612020016 3.32775878906 0.0 1.57029724121 0.0 -0.509688642787 -0.0
15.655939103 3.37652587891 0.0 1.44177246094 0.0 -0.521660561307 -0.0
15.704423190 3.39697265625 0.0202929973602 1.49824523926 0.0 -0.363955051138 0.0
15.730039120 3.33520507812 0.052285194397 1.4786529541 0.0 -0.511952735371 0.0
15.733034134 3.36193847656 0.211250782013 1.52380371094 0.0 -0.538784383044 0.0
15.775347233 3.40319824219 0.302869081497 1.42889404297 0.0 -0.504553975537 0.0
15.807462216 3.19329833984 0.0 1.52635192871 0.0 -0.599026575239 -0.0
15.853040219 3.22686767578 0.0 1.51383972168 0.0 -0.487997498582 -0.0
15.890137196 3.32403564453 0.0092625617981 1.50956726074 0.0 -0.500475109096 0.0
15.936401129 3.69766998291 0.0 1.55914306641 0.0 -0.560537099393 -0.0
15.973885060 3.72274780273 0.119731426239 1.34722900391 0.0 0.280010522238 0.0
16.011142016 3.36633300781 0.294301509857 1.25810241699 0.0 -0.510905948052 0.0
16.048172236 3.63734436035 0.135409832001 1.40103149414 0.0 -0.562912887042 -0.0
16.092361212 3.40307617188 0.15704870224 1.49607849121 0.0 -0.507168814986 -0.0
16.121985198 2.42218017578 0.484547615051 1.09627532959 0.0494581928077 -0.500517097352 -0.0
16.124444008 3.36096191406 0.191760063171 1.06374359131 0.0 0.453149564318 0.0
16.168911219 3.38677978516 0.15704870224 1.10922241211 0.0 0.468792126817 0.0
16.206700087 3.29058837891 0.109422206879 1.19775390625 0.0 -0.493595381234 0.0
16.232366086 3.34375 0.0337338447571 1.17991638184 0.0 0.45835452672 0.0
16.270812035 3.41888427734 0.26891708374 1.3042755127 0.0 0.457333719609 0.0
16.312233210 3.36126708984 0.191760063171 1.19117736816 0.0 0.441785265369 0.0
16.353589058 3.41027832031 0.392180681229 1.34439086914 0.0 0.438916327944 -0.0
16.396539212 3.37213134766 0.106081962585 1.10334396362 0.0 0.457695383608 0.0
16.418953181 3.36968994141 0.0 1.17321777344 0.0 0.461335814126 -0.0
16.444319010 3.36444091797 0.212042331696 1.13816452026 0.0 0.456142365668 0.0
16.463125229 3.35717773438 0.14041185379 1.2607421875 0.0 0.468174399439 0.0
16.500016213 3.33093261719 0.0124907493591 1.13827133179 0.0 0.416334522585 0.0
16.541313172 3.47698974609 0.0 1.23568725586 0.0 0.480851738937 -0.0
16.580150128 3.31640625 0.112519264221 1.26312255859 0.0 0.452515987004 0.0
16.619949103 3.45684814453 0.0 1.2928314209 0.0 0.462406647699 -0.0
16.663047076 3.32006835938 0.0 1.14847564697 0.0 0.370255671512 -0.0
16.693862200 3.39532470703 0.0 1.2582244873 0.0 0.355538725815 0.0
16.697169066 3.34576416016 0.106081962585 1.42826843262 0.0 -0.507066842009 0.0
16.727720023 3.41168212891 0.388649702072 1.279296875 0.054541635922 0.450211567934 0.0
16.776639224 3.40051269531 0.232124328613 1.18341064453 0.0709334491289 0.44633209723 -0.0
16.811749220 3.39324951172 0.0 1.43356323242 0.0 0.466988190604 -0.0
16.858550072 3.38708496094 0.0315570831299 1.46159362793 0.0 -0.496896964458 -0.0
16.898419142 3.37487792969 0.127415657043 1.26760864258 0.0 -0.508051166816 0.0
16.927463055 3.31909179688 0.195069313049 1.17059326172 0.0116687949641 -0.492949856076 -0.0
16.932050229 3.37347412109 0.128185749054 1.35003662109 0.0 -0.472758991205 0.0
16.961741210 3.3879737854 0.141479969025 1.31982421875 0.0 -0.48297593428 -0.0
16.995154143 3.45794677734 0.290843248367 1.28996276855 0.0209198710054 -0.482590656598 0.0
17.031716109 3.67977142334 0.0579977035522 1.19592285156 0.0 -0.492135113574 -0.0
17.075138093 3.61038208008 0.49809217453 1.19132614136 0.0602929337859 -0.260491149557 0.0
17.117760182 3.69950866699 0.322324037552 1.10805892944 0.0 -0.296898427571 0.0
17.151655198 3.67660522461 0.15704870224 1.15357208252 0.0 0.273515645511 0.0
17.197058201 3.36706542969 0.195112228394 1.33595275879 0.0107084226454 -0.263132039953 0.0
17.202825070 3.40747070312 0.154609680176 1.20864868164 0.0 0.233835192756 -0.0
17.229912043 3.37445068359 0.217714309692 1.17943191528 0.0 -0.226083451525 -0.0
17.260295153 3.67338562012 0.0806188583374 1.16871643066 0.0 -0.251033437622 0.0
17.302024127 3.58642578125 0.23010969162 1.23691940308 0.0 0.310784869622 0.0
17.344269038 3.57441711426 0.154900550842 1.3558807373 0.0140444956406 0.290899491774 -0.0
17.379807234 3.38653564453 0.144393444061 1.19055175781 0.00359868327905 -0.252469720784 -0.0
17.419915200 3.38214111328 0.156934261322 1.24536132812 0.0 -0.230757338475 -0.0
17.460753203 3.39093017578 0.0807881355286 1.22332763672 0.0 -0.459204048391 -0.0
17.471564055 3.56358337402 0.223324298859 1.32479858398 0.0 0.325568827266 -0.0
17.503314019 3.71762084961 0.0156617164612 1.21348571777 0.0 0.305727355072 0.0
17.534177065 3.37731933594 0.175368785858 1.11804580688 0.0 -0.243661744006 -0.0
17.573892117 3.55953598022 0.224196910858 1.16290283203 0.0 0.366776297763 0.0
17.611537219 3.58165740967 0.216681957245 1.15161132812 0.0 -0.422182441004 0.0
17.652262211 3.62250900269 0.363819599152 1.3003692627 0.0101945963257 -0.467709839763 0.0
17.693397999 3.51844024658 0.218782424927 1.2486114502 0.0 -0.453049524471 0.0
17.728113175 3.62149047852 0.10591506958 1.30270385742 0.0120518587251 0.359776203343 -0.0
17.730605126 3.54821395874 0.392888784409 1.24919128418 0.0545429598646 -0.459429610344 -0.0
17.761761189 3.60228729248 0.242207050323 1.32800292969 0.0266663380498 -0.470600859864 -0.0
17.795965195 3.62983703613 0.14931678772 1.21569824219 0.0119452411202 -0.435380804994 -0.0
17.831889153 3.38189697266 0.284025669098 1.19950866699 0.0 -0.467213715563 -0.0
17.876359225 3.72738647461 0.244925022125 1.14957046509 0.0 0.299835022392 -0.0
17.919949055 3.62782669067 0.0748920440674 1.24452209473 0.0 0.373726935088 0.0
17.958961010 3.61125183105 0.18944978714 1.25065612793 0.0215571030559 -0.453414661923 0.0
17.995932103 3.56735229492 0.0561881065369 1.22576904297 4.75498808165e-05 0.27580081594 -0.0
18.036779166 3.68112182617 0.204150676727 1.23376464844 0.0 -0.442507484589 0.0
18.062994004 3.69024276733 0.123829841614 1.31057739258 0.0 0.2874498853 0.0
18.066053153 3.66157531738 0.173738002777 1.16026687622 0.0 -0.398659295795 -0.0
18.100135088 3.53756713867 0.281777381897 1.4054107666 0.0223275712438 -0.460593828246 0.0
18.135878087 3.64274597168 0.0553011894226 1.25668334961 0.0 -0.441060361845 -0.0
18.175978184 3.56866073608 0.0839138031006 1.24005126953 0.0 0.377832096777 0.0
18.212242127 3.3802986145 0.240540504456 1.23080444336 0.00688809411648 -0.466341122912 -0.0
18.255875111 3.60792541504 0.304408073425 1.2733001709 0.0 0.381653239063 0.0
18.295427084 3.57497024536 0.0731706619263 1.15226364136 0.0 -0.47555174487 -0.0
18.334260226 3.53412628174 0.029981136322 1.14769363403 0.0 0.274519229308 0.0
18.370418072 3.43843460083 0.0681948661804 1.20686340332 0.0 -0.468066201446 -0.0
18.376060009 3.40338134766 0.196692943573 1.07917785645 0.0223812869837 0.292992850299 -0.0
18.403165102 3.37609863281 0.191760063171 1.25332641602 0.000326363813396 0.329268410617 -0.0
18.436817170 3.58655929565 0.234267711639 1.14015197754 0.0 -0.458451169423 -0.0
18.477078200 3.6302947998 0.0 1.27601623535 0.0 0.319595361659 -0.0
18.531917096 3.40271759033 0.143196582794 1.20234680176 0.0316517610497 0.31627540566 -0.0
18.598627091 3.52575302124 0.131838321686 1.23420715332 0.0 0.335630318205 -0.0
18.637844086 3.41979980469 0.115468502045 1.23184204102 0.0 -0.474228506429 -0.0
18.676555157 3.45987701416 0.216927528381 1.48377990723 0.0126801701065 -0.276447622478 -0.0
18.727793217 3.4169921875 0.204150676727 1.27391052246 0.0 0.250777402987 -0.0
18.763726235 3.47455215454 0.208415985107 1.17953491211 0.0 -0.447880025457 0.0
18.806261063 3.39990234375 0.461629629135 1.4515838623 0.0 -0.46176945187 0.0
18.849688054 3.35571289062 0.138518810272 1.31478881836 0.0 -0.483098351247 -0.0
18.873342038 3.56597900391 0.136911869049 1.1692276001 0.000741711276662 0.384053458571 -0.0
18.877042056 3.38677978516 0.147604942322 1.15581130981 0.0 -0.332351001315 0.0
18.909526110 3.296875 0.15204668045 1.04028320312 0.0 0.330145617007 0.0
18.945992232 3.3583984375 0.0848865509033 1.05526733398 0.00849386918838 0.442048039427 0.0
18.984293223 3.32464599609 0.0667858123779 1.44744873047 0.0 -0.439319138492 -0.0
19.020134211 3.35046386719 0.288963317871 1.36906433105 0.0191351693455 0.467179836689 0.015962993671
19.065911055 3.41510009766 0.161254405975 1.14374160767 0.0 -0.473674098781 -0.0
19.099813223 3.4998588562 0.4993891716 1.51779174805 0.00227701951111 -0.496304217919 0.0
19.137892008 3.41705322266 0.0347709655762 1.38101196289 0.0 -0.473308070603 -0.0
19.140221119 3.40362548828 0.148942470551 1.15892028809 0.0 -0.485404483036 0.0
19.184914113 3.39593505859 0.162990093231 1.11513900757 0.0 0.432441243988 0.0
19.208083153 3.39208984375 0.211184024811 1.16398239136 0.000246604078451 -0.267248335111 0.0
19.257631064 3.38737869263 0.0749588012695 1.19456481934 0.0 0.297233941136 -0.0
19.293794156 3.37121582031 0.0745558738708 1.1974029541 0.00194950154868 0.425005567683 -0.0
19.332023144 3.37939453125 0.151710510254 1.17487335205 0.0 -0.283288459852 0.0
19.376417161 3.36340713501 0.133998394012 1.2320098877 0.0 0.446384653985 0.0
19.413618088 3.36395263672 0.0112128257751 1.14279174805 0.0 0.364748214625 -0.0
19.455943108 3.34027099609 0.195660591125 1.18804931641 0.0097051862514 0.40785134747 -0.0
19.485758067 3.3592300415 0.13683795929 1.133934021 0.0 0.333384412911 -0.0
19.488153220 3.39392089844 0.358333587646 1.2078704834 0.0538702480844 0.343090400844 0.0
19.521593094 3.35729980469 0.133125782013 1.33168029785 0.0 0.395601096819 0.0
19.541389227 3.40838623047 0.174655914307 1.41075134277 0.0165108077168 0.421558634664 0.0
19.584003211 3.40344238281 0.154857635498 1.4140625 0.0370435355362 -0.433314280987 0.0
19.624319077 3.3740234375 0.0 1.33100891113 0.0 -0.502505602209 -0.0
19.663735152 3.38647460938 0.0843644142151 1.24031066895 0.00959965381298 0.456445764198 -0.0
19.703466177 3.40748596191 0.113708972931 1.4493560791 0.012938711016 -0.474691320138 -0.0
19.744221211 3.40850830078 0.144393444061 1.20225524902 0.0 -0.495196536553 0.0
19.780855179 3.39959716797 0.0 1.44950866699 0.0 -0.566413744127 0.0
19.783145190 3.38507080078 0.230901241302 1.40965270996 0.0054722231754 -0.484705660678 0.0
